Selection	View	Channel	Begin Time (s)	End Time (s)	Low Freq (Hz)	High Freq (Hz)
1	Spectrogram 1	1	16.980153341	18.740291187	2074.100	5814.800
2	Spectrogram 1	1	31.320099913	32.510781397	2000.000	6866.426
3	Spectrogram 1	1	62.277838542	63.986207628	3000.000	6185.200
4	Spectrogram 1	1	104.251638085	104.702639685	4245.487	4548.736
5	Spectrogram 1	1	1207.075697337	1207.894181723	1586.777	5553.719
6	Spectrogram 1	1	1221.865246590	1222.600212161	3153.719	3966.942
7	Spectrogram 1	1	1223.819586860	1224.337403512	2677.686	3768.595
8	Spectrogram 1	1	1236.815114467	1237.383042409	3332.231	4542.149
9	Spectrogram 1	1	1261.359661308	1262.161441931	3094.215	4938.843
10	Spectrogram 1	1	1268.926465943	1270.396397086	2479.339	6009.917
11	Spectrogram 1	1	1303.984398710	1305.086847068	2042.975	5137.190
12	Spectrogram 1	1	1314.858548418	1315.560106463	3074.380	4641.322
13	Spectrogram 1	1	1348.707091244	1350.093503573	2757.025	5533.884
14	Spectrogram 1	1	1357.650323450	1358.852994386	2995.041	5851.240
15	Spectrogram 1	1	1594.453227380	1595.472156923	2003.306	4621.488
16	Spectrogram 1	1	1631.545385444	1632.994910729	925.900	4814.800
17	Spectrogram 1	1	1772.045935292	1773.288385537	2000.000	5925.900
18	Spectrogram 1	1	1843.416470768	1844.502215363	535.537	5814.800
19	Spectrogram 1	1	1915.974351452	1916.909762180	2142.149	5414.876
20	Spectrogram 1	1	2162.271711767	2162.989973576	1844.628	3431.405
21	Spectrogram 1	1	2171.993301828	2172.744971163	852.893	4502.479
22	Spectrogram 1	1	2195.218251392	2196.187069646	1209.917	4165.289
23	Spectrogram 1	1	2199.138527351	2200.588052637	1481.500	4925.900
24	Spectrogram 1	1	2220.570801143	2221.657945107	2037.000	5295.868
25	Spectrogram 1	1	2384.367214234	2385.557895718	1888.900	4481.500
26	Spectrogram 1	1	2398.516672513	2399.268341848	1983.471	4522.314
27	Spectrogram 1	1	2480.605380723	2481.951368488	4370.400	5148.100
28	Spectrogram 1	1	2490.765024012	2492.067917525	2102.479	5375.207
29	Spectrogram 1	1	2498.131383491	2498.699311433	2776.860	5375.207
30	Spectrogram 1	1	2534.819566026	2535.337382679	3788.430	4185.124
31	Spectrogram 1	1	2543.545649313	2544.130281018	3768.595	4224.793
32	Spectrogram 1	1	2587.818518811	2588.802125254	793.388	3222.200
33	Spectrogram 1	1	2636.532936541	2637.982461826	1814.800	4222.200
34	Spectrogram 1	1	2661.019577939	2662.572640744	2074.100	4740.700
35	Spectrogram 1	1	2691.977301192	2693.478595238	1925.900	4740.700
36	Spectrogram 1	1	2704.877498794	2705.562353076	2300.826	4780.165
37	Spectrogram 1	1	2707.683730976	2708.401992785	5434.711	5672.727
38	Spectrogram 1	1	2717.033390201	2717.758152843	1185.200	3592.600
39	Spectrogram 1	1	2720.462109665	2720.879703740	2280.992	3332.231
40	Spectrogram 1	1	3066.006848182	3066.886917105	1376.500	3776.500
41	Spectrogram 1	1	3070.248954482	3072.892093286	2152.900	4870.600
42	Spectrogram 1	1	3085.606431677	3086.458323589	2261.157	3550.413
43	Spectrogram 1	1	3087.944958496	3088.663220304	2102.479	4780.165
44	Spectrogram 1	1	3117.701079389	3118.603082591	2142.149	3669.421
45	Spectrogram 1	1	3119.287936874	3119.905976104	3847.934	4502.479
46	Spectrogram 1	1	3129.837784043	3131.235540568	1800.000	4694.100
47	Spectrogram 1	1	3132.534020926	3133.569654232	1943.802	4046.281
48	Spectrogram 1	1	3167.577247841	3168.716160565	3070.600	5117.600
49	Spectrogram 1	1	3194.040729515	3194.658768745	634.711	3074.380
50	Spectrogram 1	1	3450.554073775	3450.938260324	3332.231	3847.934
51	Spectrogram 1	1	3456.083019325	3456.968318764	2201.653	5038.017
52	Spectrogram 1	1	3503.505031047	3504.488637490	1023.500	4165.289
53	Spectrogram 1	1	3512.655398826	3513.674328369	1071.074	3947.107
54	Spectrogram 1	1	3540.933891689	3542.124573173	1023.500	4623.500
55	Spectrogram 1	1	3761.775695086	3762.744513340	2697.521	4145.455
56	Spectrogram 1	1	3780.350279533	3781.519542943	1725.620	3947.107
57	Spectrogram 1	1	3782.505064959	3783.423771924	2360.331	3252.893
58	Spectrogram 1	1	3789.577475710	3790.613109015	2023.140	7497.521
59	Spectrogram 1	1	3822.504423824	3824.109255390	1976.500	6070.600
60	Spectrogram 1	1	3842.487184067	3843.884940592	1588.200	7764.700
61	Spectrogram 1	1	3906.525194028	3907.560569232	1905.900	5188.200
62	Spectrogram 1	1	3912.076341987	3912.594158640	2479.339	4740.496
63	Spectrogram 1	1	3922.840284359	3923.424916063	2221.488	3748.760
64	Spectrogram 1	1	3923.660670580	3925.627883467	1941.200	4835.300
65	Spectrogram 1	1	3936.292248065	3937.224085749	2011.800	3635.300
66	Spectrogram 1	1	3950.508434878	3951.360326791	2152.900	3709.091
67	Spectrogram 1	1	3952.512886437	3953.030703090	456.198	4621.488
68	Spectrogram 1	1	3986.411540553	3987.046283547	1923.967	4700.826
69	Spectrogram 1	1	3989.835811966	3990.654296353	2221.488	2737.190
70	Spectrogram 1	1	3995.101617010	3996.240529734	1552.900	5047.100
71	Spectrogram 1	1	4005.477253132	4006.061884837	2003.306	4621.488
72	Spectrogram 1	1	4008.834709493	4009.486156250	2757.025	4522.314
73	Spectrogram 1	1	4018.604658589	4019.575229097	1588.200	8251.240
74	Spectrogram 1	1	4037.500275808	4038.535651012	1623.500	4941.200
75	Spectrogram 1	1	4052.371434855	4053.123104190	1467.769	4343.802
76	Spectrogram 1	1	4058.959436479	4059.811328392	5414.876	5771.901
77	Spectrogram 1	1	4059.191405137	4059.967936540	2950.800	4032.800
78	Spectrogram 1	1	4066.904950405	4068.458013211	2000.000	4754.100
79	Spectrogram 1	1	4074.722060469	4075.679903234	1344.300	6491.800
80	Spectrogram 1	1	4076.348053754	4077.617539741	1963.636	6049.587
81	Spectrogram 1	1	4080.934311691	4082.228530696	2000.000	4426.200
82	Spectrogram 1	1	4097.768996914	4099.238928058	1765.289	3153.719
83	Spectrogram 1	1	4110.547375603	4111.399267516	1646.281	4680.992
84	Spectrogram 1	1	4148.979468495	4149.964990511	1884.298	3292.562
85	Spectrogram 1	1	4172.371455689	4172.939383630	1209.917	2638.017
86	Spectrogram 1	1	4176.647619014	4177.148731904	2598.347	3034.711
87	Spectrogram 1	1	4178.635366811	4179.320221093	2439.669	3808.264
88	Spectrogram 1	1	4181.124227496	4181.625340386	1110.744	4304.132
89	Spectrogram 1	1	4218.747820759	4219.733342776	1884.298	4423.140
90	Spectrogram 1	1	4236.435130522	4237.570986405	1836.100	5494.215
91	Spectrogram 1	1	4254.999730211	4256.118882331	1904.132	5395.041
92	Spectrogram 1	1	4261.631124118	4262.466312268	1130.579	4879.339
93	Spectrogram 1	1	4288.514197777	4289.282570875	2161.983	5057.851
94	Spectrogram 1	1	4298.984410403	4299.760941805	1836.100	5147.500
95	Spectrogram 1	1	4306.594421258	4307.526258941	2196.700	4163.900
96	Spectrogram 1	1	4445.179415219	4446.421865464	950.800	4046.281
97	Spectrogram 1	1	4461.959903652	4462.962129431	1130.579	4204.959
98	Spectrogram 1	1	4477.193735500	4478.145849991	1130.579	3510.744
99	Spectrogram 1	1	4581.268351197	4581.836279139	3252.893	3570.248
100	Spectrogram 1	1	4583.489951675	4584.258324773	1229.752	5494.215
101	Spectrogram 1	1	4584.437411078	4586.974080327	1114.800	5442.600
102	Spectrogram 1	1	4587.732707475	4588.250524128	4323.967	4680.992
103	Spectrogram 1	1	4599.191507731	4600.330420455	983.600	5147.500
104	Spectrogram 1	1	4616.016354547	4617.362342311	1082.000	3442.600
105	Spectrogram 1	1	4620.602447290	4622.280374529	1229.752	4852.500
106	Spectrogram 1	1	4635.274334402	4636.102634565	1016.400	3704.900
107	Spectrogram 1	1	4644.171456872	4644.939829969	1150.413	4442.975
108	Spectrogram 1	1	4670.780731557	4671.712569241	1147.500	3311.500
109	Spectrogram 1	1	4719.391604325	4720.426979528	1114.800	3344.300
110	Spectrogram 1	1	4731.712583521	4732.747958725	1541.000	5213.100
111	Spectrogram 1	1	4743.719352798	4744.604652236	1110.744	4423.140
112	Spectrogram 1	1	4788.114689078	4788.716024545	2280.992	4522.314
113	Spectrogram 1	1	4798.080141646	4799.529666931	1704.900	5901.600
114	Spectrogram 1	1	4801.445111058	4803.205248904	786.900	5803.300
115	Spectrogram 1	1	4819.046489521	4820.340708526	3901.600	5049.200
116	Spectrogram 1	1	4842.148096604	4843.016692279	2142.149	5414.876
117	Spectrogram 1	1	4851.134721093	4851.652537746	2320.661	5236.364
118	Spectrogram 1	1	4852.821801155	4853.256098993	2320.661	4581.818
119	Spectrogram 1	1	4853.423136623	4853.874138224	2935.537	5176.860
120	Spectrogram 1	1	4854.458769929	4855.126920448	1864.463	6287.603
121	Spectrogram 1	1	4856.530036540	4857.231594585	1943.802	2657.851
122	Spectrogram 1	1	4871.643554287	4872.627160731	2229.500	6295.100
123	Spectrogram 1	1	4960.270576977	4961.139172652	1190.083	3312.397
124	Spectrogram 1	1	4978.080150831	4979.219063555	1016.400	3344.300
125	Spectrogram 1	1	4991.747106301	4992.575406464	1114.800	3278.700
126	Spectrogram 1	1	5009.814404301	5010.849779505	1114.800	3836.100
127	Spectrogram 1	1	5019.339856176	5020.789381461	1344.300	5016.400
128	Spectrogram 1	1	5026.821821989	5028.007789161	1566.942	5196.694
129	Spectrogram 1	1	5041.420910844	5042.022246311	2062.810	3371.901
130	Spectrogram 1	1	5051.025574564	5052.311764314	1269.421	5712.397
131	Spectrogram 1	1	5061.427865364	5063.705690812	1016.400	4885.200
132	Spectrogram 1	1	5082.943199889	5084.396427269	1229.752	4284.298
133	Spectrogram 1	1	5096.356321571	5097.458769929	1328.926	4363.636
134	Spectrogram 1	1	5111.195982113	5112.231615419	3094.215	3867.769
135	Spectrogram 1	1	5186.259427246	5186.877466476	1328.926	3371.901
136	Spectrogram 1	1	5519.219080601	5520.306224565	1475.400	6426.200
137	Spectrogram 1	1	5537.326242298	5538.228245499	1566.942	3808.264
