Selection	View	Channel	Begin Time (s)	End Time (s)	Low Freq (Hz)	High Freq (Hz)
1	Spectrogram 1	1	31.928016870	32.390741752	670.900	5003.200
2	Spectrogram 1	1	37.210792608	37.924260997	1150.200	3542.289
3	Spectrogram 1	1	57.624716569	58.534659821	3872.200	7343.284
4	Spectrogram 1	1	69.948540248	70.758308792	2108.600	5041.500
5	Spectrogram 1	1	75.115601058	76.002490415	306.700	4773.200
6	Spectrogram 1	1	83.136165682	84.215857074	3258.800	6038.300
7	Spectrogram 1	1	85.719712941	86.992206367	479.200	5014.925
8	Spectrogram 1	1	95.591161529	96.092446818	8262.000	8760.400
9	Spectrogram 1	1	95.682607670	96.133609271	4039.801	4477.612
10	Spectrogram 1	1	106.388075447	107.274964804	536.700	2990.400
11	Spectrogram 1	1	106.657998295	108.200414569	4293.900	4926.500
12	Spectrogram 1	1	117.222702951	117.773927130	497.512	1393.035
13	Spectrogram 1	1	118.187517921	118.997286465	402.600	4524.000
14	Spectrogram 1	1	120.385461112	121.233790062	364.200	4543.100
15	Spectrogram 1	1	121.503712910	122.120679420	4102.200	4485.600
16	Spectrogram 1	1	126.092401100	126.393068834	4258.706	4577.114
17	Spectrogram 1	1	130.796757853	131.683647211	364.200	5424.900
18	Spectrogram 1	1	132.300613720	133.264623892	594.200	4677.300
19	Spectrogram 1	1	134.382875690	134.961281793	3335.500	3623.000
20	Spectrogram 1	1	139.111351476	139.428722972	4179.104	8955.224
21	Spectrogram 1	1	139.228277816	139.819893056	1034.826	3402.985
22	Spectrogram 1	1	142.335177733	142.669252993	4298.507	9333.333
23	Spectrogram 1	1	146.799302938	147.801873516	479.200	5060.700
24	Spectrogram 1	1	161.760716948	162.416243864	3891.400	4504.800
25	Spectrogram 1	1	167.120613500	167.930382044	402.600	5616.600
26	Spectrogram 1	1	168.508788146	169.067914046	354.600	1063.900
27	Spectrogram 1	1	170.089764827	170.706731337	345.000	2434.500
28	Spectrogram 1	1	172.094905983	172.904674527	594.200	3699.700
29	Spectrogram 1	1	173.830124291	175.025496904	996.800	5693.300
30	Spectrogram 1	1	182.043474505	182.891803456	575.100	5214.100
31	Spectrogram 1	1	194.815135301	195.266136901	3940.299	4298.507
32	Spectrogram 1	1	205.295353748	206.567847174	325.900	5253.731
33	Spectrogram 1	1	210.346767045	211.465018844	4332.300	6666.667
34	Spectrogram 1	1	210.449857461	210.867451536	318.408	855.721
35	Spectrogram 1	1	212.274787388	213.084555931	460.100	4677.300
36	Spectrogram 1	1	216.130828072	217.133398650	1955.300	5616.600
37	Spectrogram 1	1	219.524128310	219.948292785	4198.100	4581.500
38	Spectrogram 1	1	239.961120183	240.539526285	421.700	2645.400
39	Spectrogram 1	1	255.231034741	255.809440843	460.100	1111.800
40	Spectrogram 1	1	263.868533106	264.562620430	421.700	4964.900
41	Spectrogram 1	1	265.141026532	265.835113856	440.900	5750.800
42	Spectrogram 1	1	272.814547495	273.470074412	651.800	3546.300
43	Spectrogram 1	1	276.863390214	277.518917131	594.200	5770.000
44	Spectrogram 1	1	277.865960792	278.560048116	2338.700	5041.500
45	Spectrogram 1	1	296.683439334	297.416087064	594.200	4907.300
46	Spectrogram 1	1	297.763130726	298.688580490	613.400	7533.500
47	Spectrogram 1	1	305.860784155	306.786233919	479.200	5482.400
48	Spectrogram 1	1	311.683405589	312.570294946	1686.900	5750.800
49	Spectrogram 1	1	315.760551619	316.580577258	479.200	4756.219
50	Spectrogram 1	1	330.732199726	331.194924608	5290.700	5712.500
51	Spectrogram 1	1	340.950707541	341.606234457	3316.300	5731.343
52	Spectrogram 1	1	351.940401283	352.750169827	364.200	5890.547
53	Spectrogram 1	1	357.300297835	357.878703938	460.100	1418.500
54	Spectrogram 1	1	361.442077649	361.893079250	3303.483	5671.642
55	Spectrogram 1	1	363.045798456	363.585644151	364.200	1303.500
56	Spectrogram 1	1	365.320862460	365.899268562	421.700	1207.700
57	Spectrogram 1	1	369.716709398	370.256555094	517.600	4815.920
58	Spectrogram 1	1	378.446508375	378.914213739	1452.736	5651.741
59	Spectrogram 1	1	381.786116741	382.364522844	3412.100	3757.200
60	Spectrogram 1	1	381.863237555	382.403083251	5252.400	5674.100
61	Spectrogram 1	1	387.840085871	388.379931566	402.600	1418.500
62	Spectrogram 1	1	391.966049403	392.660136727	5405.800	5731.600
63	Spectrogram 1	1	401.683256364	402.261662467	498.400	4485.600
64	Spectrogram 1	1	406.503307220	407.081713323	613.400	4428.100
65	Spectrogram 1	1	422.390171904	424.009708991	670.900	4408.900
66	Spectrogram 1	1	432.878602566	433.726931517	498.400	5865.800
67	Spectrogram 1	1	433.958293958	435.500710232	2012.800	5271.600
68	Spectrogram 1	1	448.534099894	449.343868437	364.200	4236.400
69	Spectrogram 1	1	450.924845118	451.387570000	345.000	3469.600
70	Spectrogram 1	1	453.431271563	454.009677666	517.600	3220.400
71	Spectrogram 1	1	458.135641199	458.521245267	728.400	2664.500
72	Spectrogram 1	1	498.084165349	498.778252672	479.200	3373.800
73	Spectrogram 1	1	517.865654062	518.482620571	1073.500	5850.746
74	Spectrogram 1	1	520.834805389	521.336090678	594.200	920.100
75	Spectrogram 1	1	521.875936374	522.415782070	555.900	1111.800
76	Spectrogram 1	1	527.852799436	528.585447166	3584.700	4639.000
77	Spectrogram 1	1	534.934266588	535.368564426	577.114	1074.627
78	Spectrogram 1	1	543.508289390	544.742222409	517.600	5904.200
79	Spectrogram 1	1	547.385289022	547.969920727	3383.085	4258.706
80	Spectrogram 1	1	550.410602216	550.911887505	4044.700	4658.100
81	Spectrogram 1	1	553.958159646	555.269213479	497.512	4562.300
82	Spectrogram 1	1	560.436283330	561.053249839	3373.800	4658.100
83	Spectrogram 1	1	562.981270182	563.636797098	3316.300	5559.100
84	Spectrogram 1	1	565.179213372	565.796179881	3297.100	5329.100
85	Spectrogram 1	1	569.575099753	570.770472365	555.900	5750.800
86	Spectrogram 1	1	570.963274399	571.464559688	3335.500	4619.800
87	Spectrogram 1	1	577.865587225	578.868157803	2127.800	5252.400
88	Spectrogram 1	1	582.415715233	584.073812727	421.700	5750.800
89	Spectrogram 1	1	589.009506211	591.053207774	383.400	5865.800
90	Spectrogram 1	1	597.222872869	598.533926702	287.500	5750.800
91	Spectrogram 1	1	600.963232334	601.965802912	268.400	5616.600
92	Spectrogram 1	1	605.089195866	607.132897429	402.600	5770.000
93	Spectrogram 1	1	609.060917772	609.986367536	306.700	5501.600
94	Spectrogram 1	1	618.144845435	618.954613979	440.900	5770.000
95	Spectrogram 1	1	620.728370485	621.422457808	2185.300	3239.600
96	Spectrogram 1	1	627.206518836	627.817361080	517.600	5789.100
97	Spectrogram 1	1	647.373563983	647.913409678	383.400	1265.200
98	Spectrogram 1	1	657.514950984	658.054796679	3373.800	5405.800
99	Spectrogram 1	1	665.340731765	666.846569441	421.700	5870.647
100	Spectrogram 1	1	668.813150190	669.969962396	1936.100	5175.700
101	Spectrogram 1	1	671.126753241	671.628038530	3335.500	5405.800
102	Spectrogram 1	1	680.458361868	681.191009598	364.200	3987.200
103	Spectrogram 1	1	681.383811632	682.039338549	498.400	3948.900
104	Spectrogram 1	1	685.108002390	685.702577199	3527.200	5791.045
105	Spectrogram 1	1	695.188403606	695.766809709	3431.300	5424.900
106	Spectrogram 1	1	698.543159002	699.777092021	3373.800	5770.000
107	Spectrogram 1	1	711.923620178	713.620278079	364.200	5386.600
108	Spectrogram 1	1	721.679403111	722.527732061	479.200	5405.800
109	Spectrogram 1	1	723.491742232	724.301510776	3450.500	5789.100
110	Spectrogram 1	1	724.957012267	725.689659997	3278.000	5444.100
111	Spectrogram 1	1	729.314333326	729.854179022	440.900	3800.995
112	Spectrogram 1	1	742.540557790	743.581688775	3393.000	5290.700
113	Spectrogram 1	1	751.949260196	752.759028740	345.000	5273.632
114	Spectrogram 1	1	753.940943926	754.893058417	4139.303	5791.045
115	Spectrogram 1	1	789.237132658	790.124022016	325.900	4677.300
116	Spectrogram 1	1	792.167723579	792.977492122	1114.428	10965.174
117	Spectrogram 1	1	808.202410449	808.753634628	2985.075	9373.134
118	Spectrogram 1	1	809.672341592	810.023120615	3980.100	9194.030
119	Spectrogram 1	1	811.525029794	812.296237931	1014.925	7361.000
120	Spectrogram 1	1	813.365993943	814.021520859	417.910	3980.287
121	Spectrogram 1	1	823.363074696	824.172843240	383.400	1533.500
122	Spectrogram 1	1	829.417058571	830.188266708	2760.400	5808.300
123	Spectrogram 1	1	844.956866486	846.075118284	383.400	3064.677
124	Spectrogram 1	1	850.972289954	851.859179312	3373.800	5827.500
125	Spectrogram 1	1	853.902880875	855.019792363	345.000	6009.950
126	Spectrogram 1	1	861.267918583	862.077687126	383.400	4466.500
127	Spectrogram 1	1	865.355321708	866.165090252	479.200	5597.400
128	Spectrogram 1	1	867.823159894	868.825730472	402.600	5559.100
129	Spectrogram 1	1	872.334727495	873.028814818	440.900	5674.100
130	Spectrogram 1	1	875.265318415	875.959405739	4351.400	5616.600
131	Spectrogram 1	1	879.892567237	880.586654560	517.600	3642.200
132	Spectrogram 1	1	885.368145010	885.985111519	4217.300	4888.200
133	Spectrogram 1	1	886.409275994	887.026242504	345.000	5022.400
134	Spectrogram 1	1	888.954262846	889.764031390	575.100	3584.700
135	Spectrogram 1	1	890.689481155	891.306447664	364.200	2990.400
136	Spectrogram 1	1	893.542951261	894.661203060	2031.900	9333.333
137	Spectrogram 1	1	900.752981805	901.322438167	411.200	3775.700
138	Spectrogram 1	1	902.047200810	902.564888412	486.000	1420.600
139	Spectrogram 1	1	910.589046241	911.417346404	373.800	1271.000
140	Spectrogram 1	1	913.643403092	914.885853336	2093.500	5719.600
141	Spectrogram 1	1	923.427698767	924.048923889	448.600	4411.200
142	Spectrogram 1	1	926.947970121	927.465657723	3327.100	5757.000
143	Spectrogram 1	1	939.010091244	940.149003968	486.000	2729.000
144	Spectrogram 1	1	941.443222973	942.323291896	403.000	5238.800
145	Spectrogram 1	1	942.996285778	944.031660982	537.300	5731.300
146	Spectrogram 1	1	950.916895860	952.107577344	492.500	5641.800
147	Spectrogram 1	1	962.927248223	963.755548386	358.200	5552.200
148	Spectrogram 1	1	968.064328786	968.866109410	1054.726	4497.512
149	Spectrogram 1	1	969.605418287	971.365556133	492.500	5597.000
150	Spectrogram 1	1	979.055404835	980.839235839	398.010	9253.731
151	Spectrogram 1	1	1069.944061941	1070.513518303	3223.900	5955.200
152	Spectrogram 1	1	1133.989713089	1134.691271135	238.806	5273.632
153	Spectrogram 1	1	1138.483025334	1139.217990906	378.109	5014.925
154	Spectrogram 1	1	1143.961859595	1145.264753109	4238.806	4676.617
155	Spectrogram 1	1	1168.339368806	1168.974111799	3761.194	4577.114
156	Spectrogram 1	1	1171.295934855	1172.298160635	2925.373	4497.512
157	Spectrogram 1	1	1179.704646645	1180.606649847	238.806	4477.612
158	Spectrogram 1	1	1195.472998910	1196.458520926	2766.169	5512.438
159	Spectrogram 1	1	1203.323767516	1204.042029324	2965.174	4497.512
160	Spectrogram 1	1	1208.321936099	1209.098467501	358.200	5328.400
161	Spectrogram 1	1	1211.842211791	1212.722280714	268.700	3806.000
162	Spectrogram 1	1	1213.498812117	1214.223574760	537.300	5417.900
163	Spectrogram 1	1	1215.223565771	1215.908420054	1174.129	5910.448
164	Spectrogram 1	1	1217.821503593	1218.701572516	313.400	5910.400
165	Spectrogram 1	1	1229.236515214	1230.340471279	1950.249	7263.682
166	Spectrogram 1	1	1236.691216680	1237.726591884	447.800	5283.600
167	Spectrogram 1	1	1238.849405647	1240.102187871	597.015	5313.433
168	Spectrogram 1	1	1241.091561296	1241.816323939	1970.100	5417.900
169	Spectrogram 1	1	1242.230474020	1243.058774183	3313.400	4611.900
170	Spectrogram 1	1	1248.738033338	1249.581608767	417.910	4746.300
171	Spectrogram 1	1	1252.635965618	1253.308959501	403.000	5328.400
172	Spectrogram 1	1	1256.052703791	1256.932772714	582.100	5641.800
173	Spectrogram 1	1	1259.521210723	1260.349510886	447.800	5850.746
174	Spectrogram 1	1	1260.815429728	1262.109648732	835.821	5641.800
175	Spectrogram 1	1	1265.267543104	1266.509993348	318.408	5731.300
176	Spectrogram 1	1	1272.618707050	1273.550544733	582.100	5731.300
177	Spectrogram 1	1	1279.141548787	1280.332230272	447.800	5641.800
178	Spectrogram 1	1	1284.473731087	1286.130331413	268.700	5686.600
179	Spectrogram 1	1	1298.295990056	1299.486671541	134.300	5507.500
180	Spectrogram 1	1	1319.935311946	1320.504768308	358.209	4388.100
181	Spectrogram 1	1	1323.973275240	1324.801575403	403.000	5910.400
182	Spectrogram 1	1	1349.754094510	1350.893007234	358.200	4477.600
183	Spectrogram 1	1	1356.535792152	1357.622936116	1746.300	7004.975
184	Spectrogram 1	1	1393.239814863	1393.912808745	470.100	3806.000
185	Spectrogram 1	1	1396.967165596	1397.795465759	582.100	6089.600
186	Spectrogram 1	1	1400.332135008	1400.901591370	268.700	3492.500
187	Spectrogram 1	1	1421.712632532	1422.748007736	537.300	5950.249
188	Spectrogram 1	1	1425.491752026	1426.496400844	1771.144	7044.776
189	Spectrogram 1	1	1427.047625023	1427.765886832	318.408	5870.647
190	Spectrogram 1	1	1436.777341747	1437.657410670	447.800	5238.800
191	Spectrogram 1	1	1439.417548516	1440.297617439	358.200	5686.600
192	Spectrogram 1	1	1442.549558507	1443.662586851	1522.400	5597.000
193	Spectrogram 1	1	1444.335580734	1445.215649657	497.512	6228.856
194	Spectrogram 1	1	1458.727288628	1459.762663831	3179.100	5417.900
195	Spectrogram 1	1	1470.634103470	1471.876553715	537.300	5641.800
196	Spectrogram 1	1	1473.791993193	1474.620293356	3223.900	5597.000
197	Spectrogram 1	1	1481.799294358	1482.400629826	3223.881	5452.736
198	Spectrogram 1	1	1485.647039276	1486.423570678	338.308	4880.600
199	Spectrogram 1	1	1490.318213484	1490.852733899	3283.582	3701.493
200	Spectrogram 1	1	1493.774734625	1494.395959747	1522.400	3626.900
201	Spectrogram 1	1	1497.243232260	1498.640988785	403.000	3940.300
202	Spectrogram 1	1	1500.763507953	1501.695345636	358.200	4074.600
203	Spectrogram 1	1	1503.559021003	1504.335552406	3358.200	5328.400
204	Spectrogram 1	1	1506.095690252	1506.923990415	358.200	4522.400
205	Spectrogram 1	1	1510.599572388	1512.100866434	2059.700	5492.537
206	Spectrogram 1	1	1514.228017330	1514.879464087	398.010	4477.612
207	Spectrogram 1	1	1518.779036498	1519.659105421	3179.100	5507.500
208	Spectrogram 1	1	1520.475224689	1520.976337579	4059.701	4796.020
209	Spectrogram 1	1	1521.936930869	1522.609924751	1631.841	9014.925
210	Spectrogram 1	1	1524.784795541	1525.703502506	1930.348	7124.378
211	Spectrogram 1	1	1527.490805146	1528.309289532	1552.239	7184.080
212	Spectrogram 1	1	1530.530534213	1531.048221815	425.500	978.700
213	Spectrogram 1	1	1533.274278503	1534.723803788	3358.200	7263.682
214	Spectrogram 1	1	1536.794554195	1537.829929399	1751.244	5404.300
215	Spectrogram 1	1	1541.161202278	1542.029797954	398.010	5572.139
216	Spectrogram 1	1	1543.990411861	1545.543474667	3191.500	5191.500
217	Spectrogram 1	1	1546.527081110	1547.407150034	3319.100	5574.500
218	Spectrogram 1	1	1549.374362921	1550.099125563	3106.400	5659.600
219	Spectrogram 1	1	1552.221644731	1552.946407374	1731.343	5319.100
220	Spectrogram 1	1	1555.148970908	1555.700195086	3203.980	5572.139
221	Spectrogram 1	1	1560.126692279	1560.895065377	1890.547	7144.279
222	Spectrogram 1	1	1567.286345578	1568.373489541	1574.500	5404.300
223	Spectrogram 1	1	1569.823014827	1570.703083750	1531.900	5319.100
224	Spectrogram 1	1	1578.986085380	1579.762616782	1638.300	5510.600
225	Spectrogram 1	1	1597.232468889	1598.017545750	1492.537	5711.443
226	Spectrogram 1	1	1604.145693223	1604.818687105	340.400	1191.500
227	Spectrogram 1	1	1612.584001133	1613.256995016	3191.500	4553.200
228	Spectrogram 1	1	1615.068901622	1615.793664265	383.000	3021.300
229	Spectrogram 1	1	1616.518426907	1616.916220699	340.400	4383.000
230	Spectrogram 1	1	1620.297544232	1621.177613155	358.209	4723.400
231	Spectrogram 1	1	1634.989692256	1635.824880406	1592.040	6865.672
232	Spectrogram 1	1	1642.092183902	1643.645246708	383.000	5617.000
233	Spectrogram 1	1	1644.007628029	1646.440759758	255.300	5787.200
234	Spectrogram 1	1	1648.666816446	1650.064572971	1574.500	5659.600
235	Spectrogram 1	1	1655.189674961	1658.403456501	468.100	6638.300
236	Spectrogram 1	1	1658.827769581	1660.180774383	1970.149	4895.522
237	Spectrogram 1	1	1781.919560848	1782.479195504	383.000	6510.600
238	Spectrogram 1	1	1782.994590475	1783.667584357	855.721	6368.159
239	Spectrogram 1	1	1805.267265184	1805.836721546	776.119	3446.800
240	Spectrogram 1	1	1809.479195504	1810.164049787	2109.453	4756.219
241	Spectrogram 1	1	1925.474289457	1925.888439538	340.400	4127.700
242	Spectrogram 1	1	1946.337099812	1947.579550056	1531.900	5489.400
243	Spectrogram 1	1	1953.325878098	1954.154178261	638.300	5021.300
244	Spectrogram 1	1	1965.821539445	1966.353832757	4066.100	4556.300
245	Spectrogram 1	1	1967.279282522	1967.857688624	436.400	1209.900
246	Spectrogram 1	1	1968.204732286	1968.783138389	495.900	1130.600
247	Spectrogram 1	1	1971.058202393	1971.675168902	3292.600	4086.000
248	Spectrogram 1	1	1973.024783142	1973.950232906	1646.300	5315.700
249	Spectrogram 1	1	1974.875682671	1975.608330401	3114.000	4205.000
250	Spectrogram 1	1	1982.317841192	1984.168740721	317.400	5791.700
251	Spectrogram 1	1	1986.212432453	1986.829398963	2003.300	5514.000
252	Spectrogram 1	1	1987.677727914	1988.448936051	3570.200	5593.400
253	Spectrogram 1	1	1992.035053887	1993.538909755	1666.100	9124.000
254	Spectrogram 1	1	1997.086431929	1999.284375119	1666.100	7319.000
255	Spectrogram 1	1	1999.498125046	2000.533758352	416.500	5355.400
256	Spectrogram 1	1	2005.569721435	2006.225248351	1547.100	5593.400
257	Spectrogram 1	1	2006.880775268	2007.729104219	476.000	4819.800
258	Spectrogram 1	1	2023.461723968	2023.924448850	3312.400	3887.600
259	Spectrogram 1	1	2027.973291569	2028.705939299	337.200	1249.600
260	Spectrogram 1	1	2034.798483581	2037.420591247	3312.400	5613.200
261	Spectrogram 1	1	2037.546031389	2038.770205486	495.900	3781.095
262	Spectrogram 1	1	2045.903851111	2046.944982096	396.700	4383.500
263	Spectrogram 1	1	2049.451408541	2050.608220747	376.900	4859.500
264	Spectrogram 1	1	2052.266318241	2053.076086785	297.500	5375.200
265	Spectrogram 1	1	2055.968117298	2056.970687876	317.400	6664.500
266	Spectrogram 1	1	2057.086369097	2058.050379268	2003.300	6724.000
267	Spectrogram 1	1	2060.980970189	2062.099221987	277.700	5355.400
268	Spectrogram 1	1	2062.214903208	2063.178913379	396.700	5038.000
269	Spectrogram 1	1	2065.222582023	2065.762427719	456.200	1249.600
270	Spectrogram 1	1	2068.345974978	2069.232864335	456.200	5771.900
271	Spectrogram 1	1	2072.510498917	2073.816619850	2003.300	5494.200
272	Spectrogram 1	1	2087.783402878	2089.650299810	8297.872	9489.362
273	Spectrogram 1	1	2087.835261126	2088.664993096	471.429	5014.286
274	Spectrogram 1	1	2088.872426088	2089.805874554	510.638	5063.830
275	Spectrogram 1	1	2090.480031779	2091.050472509	3319.149	4553.191
276	Spectrogram 1	1	2092.813652944	2093.902676154	1914.894	4723.404
277	Spectrogram 1	1	2095.458423597	2096.288155567	3234.043	5489.362
278	Spectrogram 1	1	2100.540544975	2101.266560449	255.319	3787.234
279	Spectrogram 1	1	2101.370276945	2101.701919288	510.638	2507.463
280	Spectrogram 1	1	2101.992575922	2103.081599132	1106.383	11319.149
281	Spectrogram 1	1	2104.291002552	2104.741063072	3361.702	7363.184
282	Spectrogram 1	1	2106.867251244	2107.645124965	3361.702	5489.362
283	Spectrogram 1	1	2108.111849198	2108.700795982	358.209	3880.597
284	Spectrogram 1	1	2109.200872408	2110.134320874	387.097	4609.971
285	Spectrogram 1	1	2114.386714714	2115.268304932	3237.537	4117.302
286	Spectrogram 1	1	2118.483516314	2119.468823028	3272.727	5348.974
287	Spectrogram 1	1	2122.528459666	2123.254475140	527.859	5595.308
288	Spectrogram 1	1	2123.657382865	2124.499073094	422.287	5736.070
289	Spectrogram 1	1	2127.143843748	2128.440299950	246.334	5454.545
290	Spectrogram 1	1	2129.607110533	2130.151622138	1900.293	3483.871
291	Spectrogram 1	1	2133.159400528	2134.300281986	2005.865	9219.941
292	Spectrogram 1	1	2136.426494242	2137.411800956	246.334	5524.927
293	Spectrogram 1	1	2139.414162311	2140.347610777	303.371	1955.056
294	Spectrogram 1	1	2147.452190767	2148.333780985	1719.101	8730.337
295	Spectrogram 1	1	2152.015716600	2152.845448570	707.865	8865.169
296	Spectrogram 1	1	2155.075375710	2156.216257168	505.618	9842.697
297	Spectrogram 1	1	2160.364917016	2161.350223730	1651.685	9101.124
298	Spectrogram 1	1	2163.580128399	2164.617293361	1584.270	7179.775
299	Spectrogram 1	1	2169.543826930	2170.166125908	505.618	4099.502
300	Spectrogram 1	1	2171.825589847	2172.655321817	2123.596	9404.494
301	Spectrogram 1	1	2174.383445318	2174.901261971	3283.582	5830.846
302	Spectrogram 1	1	2178.463445604	2180.589633776	303.371	3943.820
303	Spectrogram 1	1	2181.574940490	2183.026971437	741.573	4415.730
304	Spectrogram 1	1	2199.569799575	2200.347673296	3842.697	4820.225
305	Spectrogram 1	1	2204.824420495	2205.308829621	1810.945	3960.199
306	Spectrogram 1	1	2213.001085833	2214.090109043	1314.607	4584.270
307	Spectrogram 1	1	2215.853289479	2216.579304952	269.663	3033.708
308	Spectrogram 1	1	2218.964784365	2220.001949327	1955.056	5191.011
309	Spectrogram 1	1	2229.906874715	2230.581031940	235.955	3573.034
310	Spectrogram 1	1	2231.566338654	2232.344212376	303.371	4483.146
311	Spectrogram 1	1	2234.003709475	2234.859370568	269.663	4314.607
312	Spectrogram 1	1	2245.256949313	2246.034823035	370.787	4417.910
313	Spectrogram 1	1	2254.176567987	2254.902583460	1955.056	3640.449
314	Spectrogram 1	1	2256.199039663	2257.184346377	471.910	4921.348
315	Spectrogram 1	1	2257.962220098	2258.506731704	3303.371	4651.685
316	Spectrogram 1	1	2262.862824544	2263.433265273	376.307	1170.732
317	Spectrogram 1	1	2270.071121031	2270.667388456	459.930	4019.900
318	Spectrogram 1	1	2282.724556067	2283.452486150	501.742	4766.551
319	Spectrogram 1	1	2293.718504665	2294.600094883	334.495	8320.557
320	Spectrogram 1	1	2314.561611846	2315.396799995	3960.199	4278.607
321	Spectrogram 1	1	2317.885660681	2318.486996149	278.607	1412.935
322	Spectrogram 1	1	2325.040926924	2326.026233638	334.495	5686.411
323	Spectrogram 1	1	2327.737555825	2328.722862539	334.495	6188.153
324	Spectrogram 1	1	2333.463413048	2334.323553334	696.517	4850.174
325	Spectrogram 1	1	2336.709032747	2337.901772453	250.871	6146.341
326	Spectrogram 1	1	2339.353803400	2340.629327371	1672.474	6271.777
327	Spectrogram 1	1	2353.770412953	2354.548286674	459.930	4682.927
328	Spectrogram 1	1	2355.585451636	2356.467041854	250.871	6982.578
329	Spectrogram 1	1	2361.601008416	2362.534456882	1923.345	4766.551
330	Spectrogram 1	1	2363.675338340	2364.919936295	1630.662	5560.976
331	Spectrogram 1	1	2367.011288140	2368.290722422	1850.746	4891.986
332	Spectrogram 1	1	2369.794611617	2370.572485338	501.742	7484.321
333	Spectrogram 1	1	2371.039209571	2371.765225044	3344.948	5519.164
334	Spectrogram 1	1	2379.388415003	2380.321863469	418.118	5937.282
335	Spectrogram 1	1	2391.730678051	2393.078992502	1630.662	6940.767
336	Spectrogram 1	1	2482.534559270	2483.416149488	376.307	3386.760
337	Spectrogram 1	1	2563.018617132	2563.900207350	3344.948	7066.202
338	Spectrogram 1	1	2574.790470342	2575.464627568	3261.324	3930.314
339	Spectrogram 1	1	2591.022101999	2592.059266961	1672.474	5519.164
340	Spectrogram 1	1	2636.009062361	2637.020380108	209.059	4515.679
341	Spectrogram 1	1	2643.761968026	2644.294128805	334.495	5184.669
342	Spectrogram 1	1	2651.955571226	2652.681586699	459.930	2466.899
343	Spectrogram 1	1	2660.927061105	2662.016084316	376.307	8111.498
344	Spectrogram 1	1	2662.638383293	2663.519973511	418.118	4850.174
345	Spectrogram 1	1	2664.349705480	2665.905452923	627.178	6104.530
346	Spectrogram 1	1	2670.313412650	2671.091286372	1923.345	4850.174
347	Spectrogram 1	1	2671.558010605	2672.284026078	418.118	4724.739
348	Spectrogram 1	1	2682.137093218	2682.943370615	292.683	6786.070
349	Spectrogram 1	1	2688.256381243	2689.137971460	292.683	7317.073
350	Spectrogram 1	1	2690.745577152	2691.471592625	334.495	7191.638
351	Spectrogram 1	1	2694.271938023	2695.309102985	334.495	8111.498
352	Spectrogram 1	1	2702.206253426	2703.035985396	418.118	5811.847
353	Spectrogram 1	1	2713.615073722	2714.963388173	1296.167	4682.927
354	Spectrogram 1	1	2720.201071231	2721.238236193	1254.355	5268.293
355	Spectrogram 1	1	2729.587433424	2730.883889627	376.307	5895.470
356	Spectrogram 1	1	2732.387778822	2733.269369040	1170.732	8571.429
357	Spectrogram 1	1	2739.388642316	2740.270232534	209.059	7609.756
358	Spectrogram 1	1	2741.877838225	2742.863144939	459.930	5560.976
359	Spectrogram 1	1	2743.952168149	2744.574467126	477.612	3135.889
360	Spectrogram 1	1	2747.167402221	2747.893417695	376.307	6271.777
361	Spectrogram 1	1	2748.567574920	2749.449165138	543.554	5101.045
362	Spectrogram 1	1	2751.160487325	2751.990219295	292.683	6689.895
363	Spectrogram 1	1	2752.664376520	2753.390391994	1714.286	4599.303
364	Spectrogram 1	1	2757.227902353	2758.265067315	585.366	5811.847
365	Spectrogram 1	1	2758.368783811	2760.235680743	1756.098	5853.659
366	Spectrogram 1	1	2760.235680743	2761.117270961	1379.791	5268.293
367	Spectrogram 1	1	2764.902923072	2765.732655042	209.059	1003.484
368	Spectrogram 1	1	2766.614263412	2767.236562389	1045.296	5895.470
369	Spectrogram 1	1	2769.622041802	2771.281505741	1714.286	6229.965
370	Spectrogram 1	1	2772.526103696	2773.874418146	1965.157	5560.976
371	Spectrogram 1	1	2782.690352090	2784.090524788	334.495	4808.362
372	Spectrogram 1	1	2786.683911052	2787.134912653	3243.781	3661.692
373	Spectrogram 1	1	2795.914205356	2798.403401265	334.495	4473.868
374	Spectrogram 1	1	2799.596140971	2800.944455422	543.554	5017.422
375	Spectrogram 1	1	2801.929762136	2802.759494106	167.247	4473.868
376	Spectrogram 1	1	2805.456123007	2806.389571473	501.742	7108.014
377	Spectrogram 1	1	2809.241775118	2811.367963291	250.871	5910.448
378	Spectrogram 1	1	2812.865426666	2813.753442703	378.109	4515.679
379	Spectrogram 1	1	2815.464780774	2816.294512743	266.667	4533.333
380	Spectrogram 1	1	2816.605662232	2817.746543690	380.952	6780.952
381	Spectrogram 1	1	2824.488136365	2825.940167311	457.143	6019.048
382	Spectrogram 1	1	2826.043883808	2827.184765266	796.020	6857.143
383	Spectrogram 1	1	2830.036968912	2830.814842633	342.857	5676.190
384	Spectrogram 1	1	2831.437141610	2832.681739565	266.667	5638.095
385	Spectrogram 1	1	2833.252180294	2834.237487008	304.762	5904.762
386	Spectrogram 1	1	2836.622966421	2838.074997368	342.857	6133.333
387	Spectrogram 1	1	2841.601374122	2843.157121565	1714.286	5638.095
388	Spectrogram 1	1	2846.268616451	2847.409497909	1790.476	6095.238
389	Spectrogram 1	1	2848.861528856	2849.431969585	2057.143	4190.476
390	Spectrogram 1	1	2855.291951621	2857.106990304	380.952	7619.048
391	Spectrogram 1	1	2857.210721549	2857.625587534	5028.571	5485.714
392	Spectrogram 1	1	2859.440626217	2860.374074683	3238.095	7104.478
393	Spectrogram 1	1	2860.840798916	2863.641144314	380.952	5638.095
394	Spectrogram 1	1	2864.315301539	2866.264091198	342.857	6189.055
395	Spectrogram 1	1	2866.932241718	2869.788585189	577.114	8835.821
396	Spectrogram 1	1	2870.019724713	2872.405204126	1626.374	8879.121
397	Spectrogram 1	1	2872.612637119	2874.116526314	1846.154	8615.385
398	Spectrogram 1	1	2876.709438719	2877.746603681	395.604	6065.934
399	Spectrogram 1	1	2880.235799590	2884.604822963	439.560	7940.299
400	Spectrogram 1	1	2884.799325423	2885.680915641	351.648	7868.132
401	Spectrogram 1	1	2888.770778953	2889.656078392	3243.781	4676.617
402	Spectrogram 1	1	2890.763044376	2891.748351090	351.648	5802.198
403	Spectrogram 1	1	2891.852067586	2892.733657804	439.560	8659.341
404	Spectrogram 1	1	2895.218431468	2895.686136832	3383.085	3980.100
405	Spectrogram 1	1	2895.897010938	2896.778601156	351.648	6681.319
406	Spectrogram 1	1	2897.556474877	2899.494594794	351.648	5758.242
407	Spectrogram 1	1	2902.742314436	2903.468329909	439.560	5846.154
408	Spectrogram 1	1	2905.674987101	2906.293026332	417.910	5626.374
409	Spectrogram 1	1	2906.527966547	2908.861587712	395.604	8307.692
410	Spectrogram 1	1	2909.432028441	2910.728484644	351.648	9802.198
411	Spectrogram 1	1	2911.247067125	2912.854672816	395.604	6065.934
412	Spectrogram 1	1	2915.136435733	2915.810592958	1670.330	4483.516
413	Spectrogram 1	1	2919.699974045	2920.477847767	3393.103	7522.388
414	Spectrogram 1	1	2921.255721488	2922.189169954	455.172	5503.448
415	Spectrogram 1	1	2923.589342653	2924.782082359	372.414	6662.069
416	Spectrogram 1	1	2926.078538562	2926.597121043	1986.207	3434.483
417	Spectrogram 1	1	2927.426853012	2928.464017975	3351.724	8796.020
418	Spectrogram 1	1	2929.397466440	2930.019765418	455.172	3558.621
419	Spectrogram 1	1	2931.212505124	2931.990378846	3268.966	5255.172
420	Spectrogram 1	1	2935.050015484	2935.931605701	248.276	7282.759
421	Spectrogram 1	1	2936.450188182	2937.072487160	1779.310	6868.966
422	Spectrogram 1	1	2948.352884573	2949.390049535	1820.690	5586.207
423	Spectrogram 1	1	2951.516237708	2952.034820189	413.793	3920.398
424	Spectrogram 1	1	2960.747005870	2961.680454336	1986.207	7613.793
425	Spectrogram 1	1	2964.584516230	2965.725397688	2151.724	7613.793
426	Spectrogram 1	1	2968.422026589	2969.369888641	413.793	5611.940
427	Spectrogram 1	1	2970.070680859	2971.741822986	461.383	7243.781
428	Spectrogram 1	1	2985.431555791	2986.357615604	1930.348	4882.759
429	Spectrogram 1	1	2990.046939873	2990.772955346	372.414	5834.483
430	Spectrogram 1	1	2997.151530073	2999.070285253	372.414	6372.414
431	Spectrogram 1	1	3004.515401304	3005.396991522	1655.172	8937.931
432	Spectrogram 1	1	3012.812760708	3013.746209174	331.034	8937.931
433	Spectrogram 1	1	3019.035750480	3019.969198946	413.793	8565.517
434	Spectrogram 1	1	3020.384064931	3021.161938652	579.310	9268.966
435	Spectrogram 1	1	3024.843874268	3027.281211928	289.655	9310.345
436	Spectrogram 1	1	3032.155887250	3032.881902724	331.034	4675.862
437	Spectrogram 1	1	3037.082420820	3037.964011038	3062.069	5131.034
438	Spectrogram 1	1	3047.765258502	3048.646848720	3227.586	5710.345
439	Spectrogram 1	1	3050.202596163	3051.084186381	3860.697	8441.379
440	Spectrogram 1	1	3055.803286958	3056.736735424	358.209	5793.103
441	Spectrogram 1	1	3062.959725196	3064.100606655	496.552	6248.276
442	Spectrogram 1	1	3064.619189136	3065.500779353	1655.172	7324.138
443	Spectrogram 1	1	3066.188352195	3067.324208078	1531.034	8000.000
444	Spectrogram 1	1	3081.836153380	3083.080751335	496.552	4758.621
445	Spectrogram 1	1	3086.555253958	3087.793036748	1850.746	8597.015
446	Spectrogram 1	1	3093.504266011	3094.697005717	1737.931	8716.418
447	Spectrogram 1	1	3097.030626882	3098.534516077	289.655	8648.276
448	Spectrogram 1	1	3102.786920783	3103.512936257	3227.586	4055.172
449	Spectrogram 1	1	3104.861250708	3105.846557422	1448.276	6579.310
450	Spectrogram 1	1	3107.091155376	3107.817170849	662.069	4593.103
451	Spectrogram 1	1	3110.202650262	3111.185023942	855.721	5870.647
452	Spectrogram 1	1	3115.181042080	3115.958915802	413.793	6165.517
453	Spectrogram 1	1	3119.329701928	3120.315008642	1531.034	5875.862
454	Spectrogram 1	1	3125.397116956	3126.174990678	289.655	7696.552
455	Spectrogram 1	1	3129.805068045	3130.894091255	868.966	7613.793
456	Spectrogram 1	1	3132.709129939	3133.538861909	1448.276	5627.586
457	Spectrogram 1	1	3149.822385848	3150.755834314	1531.034	7489.655
458	Spectrogram 1	1	3161.393760308	3161.827567581	1114.428	6662.550
459	Spectrogram 1	1	3168.646929909	3169.787811368	1572.414	9682.759
460	Spectrogram 1	1	3173.229823944	3173.852122921	3806.897	4634.483
461	Spectrogram 1	1	3181.890151377	3183.134749332	372.414	5691.542
462	Spectrogram 1	1	3188.839156623	3189.772605089	1572.414	9552.239
463	Spectrogram 1	1	3191.276494284	3192.209942750	455.172	6662.069
464	Spectrogram 1	1	3193.454540704	3193.973133396	413.793	1117.241
465	Spectrogram 1	1	3202.685319077	3203.618767543	455.172	7117.241
466	Spectrogram 1	1	3205.381947978	3206.263538196	3268.966	5586.207
467	Spectrogram 1	1	3212.434669720	3213.368118186	248.276	6124.138
468	Spectrogram 1	1	3217.205628546	3217.879785771	289.655	6289.655
469	Spectrogram 1	1	3224.146041551	3224.947822174	1691.542	5771.144
470	Spectrogram 1	1	3238.830549771	3239.556565244	413.793	5296.552
471	Spectrogram 1	1	3240.334438966	3241.060454439	206.897	4179.310
472	Spectrogram 1	1	3246.661159983	3247.335317208	1779.310	4758.621
473	Spectrogram 1	1	3247.853899689	3248.320623922	2110.345	5462.069
474	Spectrogram 1	1	3251.587693553	3252.261850778	1944.828	5089.655
475	Spectrogram 1	1	3261.907496270	3262.633511743	4841.379	5917.241
476	Spectrogram 1	1	3274.301629827	3275.027645301	413.793	6910.345
477	Spectrogram 1	1	3280.472761352	3281.302493321	4344.828	7696.552
478	Spectrogram 1	1	3309.668986800	3310.446860521	4303.448	6000.000
479	Spectrogram 1	1	3319.781363332	3320.559237053	372.414	5875.862
480	Spectrogram 1	1	3331.345752659	3332.486634117	1034.483	5668.966
481	Spectrogram 1	1	3346.177245651	3347.525560102	398.010	4616.915
482	Spectrogram 1	1	3360.265193671	3360.983455480	4159.204	4776.119
483	Spectrogram 1	1	3411.670052632	3412.655359346	206.186	6886.598
484	Spectrogram 1	1	3414.522256278	3415.248271751	371.134	6845.361
485	Spectrogram 1	1	3417.011452187	3418.100475397	2886.598	5072.165
486	Spectrogram 1	1	3424.116051463	3424.997641681	1567.010	6226.804
487	Spectrogram 1	1	3427.076979886	3428.112613191	1930.348	4477.612
488	Spectrogram 1	1	3428.336481115	3431.259639639	3860.697	8338.308
489	Spectrogram 1	1	3431.842934969	3432.620808690	247.423	6185.567
490	Spectrogram 1	1	3436.458319050	3438.273357734	3670.103	8536.082
491	Spectrogram 1	1	3448.696881485	3449.682188199	2069.652	4577.320
492	Spectrogram 1	1	3455.231027553	3456.171669265	2029.851	4659.794
493	Spectrogram 1	1	3457.305357477	3458.135089447	412.371	6639.175
494	Spectrogram 1	1	3459.483403898	3460.209419371	2556.701	4577.320
495	Spectrogram 1	1	3461.039151341	3461.817025062	2144.330	5402.062
496	Spectrogram 1	1	3473.848161312	3475.663199996	3958.763	8783.505
497	Spectrogram 1	1	3476.855939702	3477.996821160	494.845	5979.381
498	Spectrogram 1	1	3478.152395905	3479.811859844	4000.000	8701.031
499	Spectrogram 1	1	3488.264769949	3489.924233888	4164.948	9030.928
500	Spectrogram 1	1	3496.769522638	3498.169695337	1484.536	7092.784
501	Spectrogram 1	1	3503.614811388	3504.444543357	412.371	10927.835
502	Spectrogram 1	1	3511.082414997	3513.001170177	247.423	7298.969
503	Spectrogram 1	1	3516.216381560	3517.305404770	247.423	5814.433
504	Spectrogram 1	1	3523.009824540	3523.787698262	453.608	6845.361
505	Spectrogram 1	1	3534.107513459	3534.729812436	412.371	6680.412
506	Spectrogram 1	1	3534.885387180	3535.715119150	3175.258	9072.165
507	Spectrogram 1	1	3539.863778998	3540.537936224	371.134	9484.536
508	Spectrogram 1	1	3541.523242938	3542.404833155	989.691	10185.567
509	Spectrogram 1	1	3547.020217237	3547.953665703	329.897	6350.515
510	Spectrogram 1	1	3549.457554898	3550.702152852	618.557	7628.866
511	Spectrogram 1	1	3563.096302511	3564.859482946	412.371	6020.619
512	Spectrogram 1	1	3565.118774187	3565.792931412	453.608	1896.907
513	Spectrogram 1	1	3566.259655645	3567.919119585	288.660	6845.361
514	Spectrogram 1	1	3570.097166005	3572.015921185	329.897	5649.485
515	Spectrogram 1	1	3572.171495929	3573.779101620	1649.485	8865.979
516	Spectrogram 1	1	3575.334849063	3576.268297529	329.897	9525.773
517	Spectrogram 1	1	3584.669356412	3586.536253344	206.186	6185.567
518	Spectrogram 1	1	3589.855181222	3590.581196696	329.897	6020.619
519	Spectrogram 1	1	3595.455872017	3596.804186468	371.134	8796.020
520	Spectrogram 1	1	3603.908775534	3605.464522977	371.134	5896.907
521	Spectrogram 1	1	3608.720336333	3609.428882215	3920.398	8585.731
522	Spectrogram 1	1	3609.445585978	3610.079907058	536.082	5452.736
523	Spectrogram 1	1	3611.739370998	3612.776535960	1484.536	5649.485
524	Spectrogram 1	1	3617.028941801	3617.703099026	783.505	4618.557
525	Spectrogram 1	1	3618.584689244	3619.621854206	329.897	6103.093
526	Spectrogram 1	1	3624.807679017	3625.533694490	288.660	4123.711
527	Spectrogram 1	1	3634.245880171	3635.179328637	329.897	6391.753
528	Spectrogram 1	1	3637.046225569	3637.564808050	1402.062	4041.237
529	Spectrogram 1	1	3640.313314486	3642.646935650	989.691	8742.268
530	Spectrogram 1	1	3644.098966597	3645.032415063	371.134	6680.412
531	Spectrogram 1	1	3647.054886739	3647.780902213	1293.532	5690.722
532	Spectrogram 1	1	3648.143909949	3648.921783671	536.082	6350.515
533	Spectrogram 1	1	3654.315041474	3656.804237383	329.897	6886.598
534	Spectrogram 1	1	3659.034167010	3659.536905438	536.082	4082.474
535	Spectrogram 1	1	3662.093803648	3663.130968610	206.186	6556.701
536	Spectrogram 1	1	3664.116275324	3665.205298534	206.186	5938.144
537	Spectrogram 1	1	3668.939092398	3671.117138818	453.608	10746.269
538	Spectrogram 1	1	3673.813767719	3674.799074433	412.371	6680.412
539	Spectrogram 1	1	3678.221718808	3679.258883770	1855.670	10626.866
540	Spectrogram 1	1	3681.799949272	3682.888972482	329.897	6268.041
541	Spectrogram 1	1	3687.089513269	3688.593402464	412.371	6474.227
542	Spectrogram 1	1	3690.149149907	3690.927023628	412.371	4123.711
543	Spectrogram 1	1	3696.968509532	3698.083461866	1690.722	9072.165
544	Spectrogram 1	1	3701.765397482	3702.854420692	453.608	6762.887
545	Spectrogram 1	1	3720.901115991	3722.249430441	371.134	5773.196
546	Spectrogram 1	1	3722.612438178	3723.545886644	412.371	1525.773
547	Spectrogram 1	1	3737.392071788	3739.414543464	1805.310	6194.690
548	Spectrogram 1	1	3740.036842441	3741.333298644	180.451	8030.075
549	Spectrogram 1	1	3744.392935282	3745.481958492	360.902	5503.759
550	Spectrogram 1	1	3747.919296153	3748.852744619	315.789	6360.902
551	Spectrogram 1	1	3755.438742128	3756.683340082	1624.060	7082.707
552	Spectrogram 1	1	3768.507041071	3769.699780777	406.015	6270.677
553	Spectrogram 1	1	3774.989322084	3775.870912301	406.015	6676.692
554	Spectrogram 1	1	3777.063652008	3777.634092737	451.128	5774.436
555	Spectrogram 1	1	3779.529237874	3780.221079993	3283.582	5654.434
556	Spectrogram 1	1	3805.170878070	3806.259901280	270.677	7398.496
557	Spectrogram 1	1	3813.934921999	3814.920228713	315.789	9518.797
558	Spectrogram 1	1	3817.513141118	3818.861455569	496.241	6812.030
559	Spectrogram 1	1	3822.387816440	3823.424981402	360.902	6947.368
560	Spectrogram 1	1	3823.736130891	3825.084445342	360.902	6496.241
561	Spectrogram 1	1	3826.948224086	3827.516152028	3522.388	7920.398
562	Spectrogram 1	1	3833.848517633	3834.885682595	270.677	8751.880
563	Spectrogram 1	1	3855.058541108	3855.732698333	3203.008	5729.323
564	Spectrogram 1	1	3859.310929931	3860.140661901	3383.459	5774.436
565	Spectrogram 1	1	3886.289498604	3887.060706741	3718.310	4466.801
566	Spectrogram 1	1	3895.852479502	3896.508006419	3187.123	7219.316
567	Spectrogram 1	1	3899.203902106	3899.981775827	406.015	6766.917
568	Spectrogram 1	1	3912.510575261	3912.857618922	531.187	4855.721
569	Spectrogram 1	1	3914.400035196	3915.364045367	2173.038	3718.310
570	Spectrogram 1	1	3932.330597263	3933.063244993	1665.996	9175.050
571	Spectrogram 1	1	3935.145506963	3936.109517134	3380.282	9657.948
572	Spectrogram 1	1	3947.060652199	3947.716179115	386.318	6132.797
573	Spectrogram 1	1	3950.453968001	3951.379417766	1641.851	7533.199
574	Spectrogram 1	1	3955.852424960	3956.546512283	265.594	2004.024
575	Spectrogram 1	1	3960.248292499	3960.903819416	3307.847	5577.465
576	Spectrogram 1	1	3969.271427702	3970.042635838	338.028	2414.487
577	Spectrogram 1	1	3973.474512048	3974.207159778	289.738	2462.777
578	Spectrogram 1	1	3976.058059307	3976.906388257	1617.706	5722.334
579	Spectrogram 1	1	3980.376824874	3981.533637079	241.449	3959.759
580	Spectrogram 1	1	3987.471908604	3988.204556334	482.897	3814.889
581	Spectrogram 1	1	3996.186560552	3997.921778860	386.318	5891.348
582	Spectrogram 1	1	4000.428197113	4000.968042809	3428.571	5746.479
583	Spectrogram 1	1	4001.932052980	4002.587579896	3428.571	9344.064
584	Spectrogram 1	1	4003.204546406	4003.937194136	3380.282	5577.465
585	Spectrogram 1	1	4004.091435763	4004.939764714	434.608	5215.292
586	Spectrogram 1	1	4006.482180988	4007.407630752	1545.272	5432.596
587	Spectrogram 1	1	4010.106859232	4010.839506962	1665.996	7557.344
588	Spectrogram 1	1	4010.878067369	4011.687835912	362.173	6760.563
589	Spectrogram 1	1	4012.112000388	4012.998889745	362.173	4563.380
590	Spectrogram 1	1	4015.004030901	4015.775239038	458.753	5746.479
591	Spectrogram 1	1	4015.852359852	4016.507886768	1665.996	5698.189
592	Spectrogram 1	1	4017.163413685	4018.050303042	410.463	6760.563
593	Spectrogram 1	1	4022.793216701	4023.757226872	338.028	7219.316
594	Spectrogram 1	1	4027.266223895	4028.037432032	676.617	4394.366
595	Spectrogram 1	1	4034.014285263	4034.785493400	386.318	1352.113
596	Spectrogram 1	1	4038.872896526	4039.407026332	434.608	5843.058
597	Spectrogram 1	1	4039.507248910	4039.874731695	4577.114	5572.139
598	Spectrogram 1	1	4041.726366632	4042.921739245	1617.706	9585.513
599	Spectrogram 1	1	4043.191662093	4043.847189009	3452.716	4442.656
600	Spectrogram 1	1	4047.240480236	4049.476983833	362.173	7050.302
601	Spectrogram 1	1	4052.137651905	4053.063101670	410.463	7171.026
602	Spectrogram 1	1	4053.255903704	4054.451276316	217.304	6156.942
603	Spectrogram 1	1	4056.263615438	4058.188774940	1617.706	7002.012
604	Spectrogram 1	1	4058.422998221	4059.194206358	3331.992	6084.507
605	Spectrogram 1	1	4066.096480561	4066.867688698	555.332	3066.398
606	Spectrogram 1	1	4070.530927348	4071.070773044	1955.734	3959.759
607	Spectrogram 1	1	4072.420387284	4073.307276641	2052.314	7509.054
608	Spectrogram 1	1	4073.847122337	4074.579770067	386.318	5963.783
609	Spectrogram 1	1	4076.803485918	4077.471800581	517.413	4587.525
610	Spectrogram 1	1	4080.363831095	4081.289280859	1641.851	8933.602
611	Spectrogram 1	1	4081.906247369	4082.446093064	507.042	4853.119
612	Spectrogram 1	1	4082.985938760	4083.602905270	1134.809	3525.151
613	Spectrogram 1	1	4086.494935783	4087.150462700	2208.955	5746.479
614	Spectrogram 1	1	4087.883110430	4088.847120601	313.883	5867.203
615	Spectrogram 1	1	4091.160745012	4092.240436404	362.173	5867.203
616	Spectrogram 1	1	4092.626040472	4093.667171457	1641.851	5674.044
617	Spectrogram 1	1	4102.420359085	4103.268688035	289.738	6301.811
618	Spectrogram 1	1	4104.926785530	4105.929356108	1545.272	5915.493
619	Spectrogram 1	1	4106.931926686	4108.204420112	1352.113	6036.217
620	Spectrogram 1	1	4109.746836386	4110.595165336	265.594	5625.755
621	Spectrogram 1	1	4112.060420414	4113.949880350	1641.851	7364.185
622	Spectrogram 1	1	4114.798209300	4115.993581913	2076.459	5722.334
623	Spectrogram 1	1	4127.472718077	4128.040646019	517.413	4776.119
624	Spectrogram 1	1	4128.641337683	4129.643908261	362.173	5794.769
625	Spectrogram 1	1	4131.147764128	4131.880411858	217.304	2631.791
626	Spectrogram 1	1	4132.034653485	4132.767301215	696.517	4659.960
627	Spectrogram 1	1	4144.142590744	4145.569325797	1593.561	5915.493
628	Spectrogram 1	1	4147.073181664	4147.805829395	507.042	5601.610
629	Spectrogram 1	1	4155.980611739	4156.636138655	410.463	3235.412
630	Spectrogram 1	1	4157.947192488	4158.679840218	386.318	4949.698
631	Spectrogram 1	1	4161.147706256	4162.690122530	1665.996	4659.960
632	Spectrogram 1	1	4166.584723622	4167.278810945	338.028	3235.412
633	Spectrogram 1	1	4175.954902486	4177.651560387	386.318	9730.382
634	Spectrogram 1	1	4207.535777636	4208.152744145	289.738	2317.907
635	Spectrogram 1	1	4214.013925986	4215.440661040	362.173	4249.497
636	Spectrogram 1	1	4240.427739598	4241.353189362	313.883	10551.308
637	Spectrogram 1	1	4260.556223338	4261.211750254	4128.773	5553.320
638	Spectrogram 1	1	4290.440483426	4291.096010343	386.318	3820.896
639	Spectrogram 1	1	4302.355602176	4302.895447872	579.477	3114.688
640	Spectrogram 1	1	4303.898018450	4304.862028621	1641.851	7388.330
641	Spectrogram 1	1	4309.604958663	4310.568968835	265.594	5698.189
642	Spectrogram 1	1	4311.528404232	4312.342747550	410.463	3597.586
643	Spectrogram 1	1	4315.658942539	4317.895446136	313.883	6446.680
644	Spectrogram 1	1	4322.561255364	4323.448144722	410.463	5770.624
645	Spectrogram 1	1	4335.556063018	4336.520073189	1617.706	5505.030
646	Spectrogram 1	1	4338.602335159	4339.527784924	362.173	6229.376
647	Spectrogram 1	1	4364.823319522	4365.633088066	386.318	6108.652
648	Spectrogram 1	1	4372.162303477	4372.731759839	1734.940	5783.133
649	Spectrogram 1	1	4378.995779821	4379.720542464	433.735	5373.134
650	Spectrogram 1	1	4387.330550211	4388.314156655	1590.361	5240.964
651	Spectrogram 1	1	4397.736071009	4398.564371172	325.301	5530.120
652	Spectrogram 1	1	4412.956061040	4413.784361203	4096.774	5483.871
653	Spectrogram 1	1	4476.579840915	4478.495285042	1548.387	6064.516
654	Spectrogram 1	1	4490.505615049	4491.525075979	354.839	6419.355
655	Spectrogram 1	1	4491.942670054	4492.677635625	4159.204	5353.234
656	Spectrogram 1	1	4493.456434380	4494.181197022	258.065	1258.065
657	Spectrogram 1	1	4494.915939866	4495.751128016	2208.955	5253.731
658	Spectrogram 1	1	4506.502161947	4507.433999630	1516.129	5838.710
659	Spectrogram 1	1	4510.273417061	4510.858048766	3940.299	8736.318
660	Spectrogram 1	1	4510.707714899	4511.316656644	322.581	2487.562
661	Spectrogram 1	1	4513.439175812	4514.526319776	1548.387	5774.194
662	Spectrogram 1	1	4520.109301490	4520.834064132	2129.032	5612.903
663	Spectrogram 1	1	4529.479447084	4530.825434848	290.323	1483.871
664	Spectrogram 1	1	4532.016116333	4533.051491536	354.839	11387.097
665	Spectrogram 1	1	4577.520829222	4578.607973186	290.323	7903.226
666	Spectrogram 1	1	4584.923761928	4585.803830851	354.839	6774.194
667	Spectrogram 1	1	4585.907368372	4587.098049856	1580.645	5193.548
668	Spectrogram 1	1	4588.133425060	4589.375875304	1290.323	5193.548
669	Spectrogram 1	1	4619.246420749	4620.281795953	225.806	6870.968
670	Spectrogram 1	1	4626.028128334	4627.115272297	290.323	5290.323
671	Spectrogram 1	1	4628.513028822	4629.600172786	1935.484	4645.161
672	Spectrogram 1	1	4648.495749456	4649.427587140	290.323	5096.774
673	Spectrogram 1	1	4653.879700516	4654.477190470	483.871	5774.194
674	Spectrogram 1	1	4656.261063484	4657.400348993	1154.229	4835.821
675	Spectrogram 1	1	4657.851350594	4658.937095188	537.313	8676.617
676	Spectrogram 1	1	4662.059164625	4663.922839992	354.839	5548.387
677	Spectrogram 1	1	4666.925428083	4667.753728246	483.871	3322.581
678	Spectrogram 1	1	4680.437068904	4681.276745314	451.613	4935.484
679	Spectrogram 1	1	4686.752857647	4687.684695330	1774.194	5258.065
680	Spectrogram 1	1	4691.722649620	4692.706256064	483.871	5387.097
681	Spectrogram 1	1	4693.534556227	4694.569931431	1967.742	4548.387
682	Spectrogram 1	1	4698.193744644	4700.989257694	1612.903	5483.871
683	Spectrogram 1	1	4706.062579741	4706.528498583	1290.323	3548.387
684	Spectrogram 1	1	4714.190275091	4715.225650294	1870.968	4645.161
685	Spectrogram 1	1	4731.233989534	4732.114058458	258.065	4483.871
686	Spectrogram 1	1	4733.045896141	4733.977733824	290.323	5354.839
687	Spectrogram 1	1	4749.560130640	4750.336662043	1096.774	5870.968
688	Spectrogram 1	1	4786.522994681	4787.403063604	1709.677	8557.214
689	Spectrogram 1	1	4843.157992560	4844.296905284	1000.000	5677.419
690	Spectrogram 1	1	4897.049239933	4898.032846377	1935.484	2612.903
691	Spectrogram 1	1	4938.878357188	4939.965501151	1935.484	5483.871
692	Spectrogram 1	1	4955.133747886	4955.910279289	419.355	2741.935
693	Spectrogram 1	1	4974.702140033	4975.253364212	3243.781	5452.736
694	Spectrogram 1	1	5199.948067972	5200.776368135	1645.161	5451.613
695	Spectrogram 1	1	5231.164611116	5232.251755080	1612.903	5354.839
696	Spectrogram 1	1	5233.338899044	5233.960124166	1645.161	2870.968
