Selection	View	Channel	Begin Time (s)	End Time (s)	Low Freq (Hz)	High Freq (Hz)
1	Spectrogram 1	1	13.097496327	14.391715332	4629.600	5481.500
2	Spectrogram 1	1	19.620360110	21.069885396	679.739	6483.660
3	Spectrogram 1	1	39.954708396	42.232533844	4880.600	5731.300
4	Spectrogram 1	1	74.380933920	76.037534246	3985.100	5507.500
5	Spectrogram 1	1	87.906044752	88.734344915	735.552	3000.000
6	Spectrogram 1	1	103.008457281	103.784988683	4746.300	6134.300
7	Spectrogram 1	1	120.134584129	120.845193741	3152.364	4703.958
8	Spectrogram 1	1	133.831210071	135.228966596	4917.688	6358.200
9	Spectrogram 1	1	359.132627181	359.784073937	3278.459	3656.743
