Selection	View	Channel	Begin Time (s)	End Time (s)	Low Freq (Hz)	High Freq (Hz)
1	Spectrogram 1	1	14.699311433	15.183720560	449.7	3434.4
2	Spectrogram 1	1	16.336280206	17.054542015	2085.2	5478.7
3	Spectrogram 1	1	276.698208960	277.917583658	4095.7	5531.1
4	Spectrogram 1	1	309.243858273	309.661452348	1569.4	3081.3
5	Spectrogram 1	1	324.093503573	324.644727751	1741.6	3502.4
6	Spectrogram 1	1	343.944293012	344.428702139	1703.3	3406.7
7	Spectrogram 1	1	405.277244966	405.744950329	1722.5	3349.3
8	Spectrogram 1	1	419.716015196	420.217128086	1837.3	2545.5
9	Spectrogram 1	1	476.672581245	477.507769395	1645.9	4861.2
10	Spectrogram 1	1	480.314001578	480.865225756	2449.8	3502.4
11	Spectrogram 1	1	498.628044822	499.663678127	2756.0	5473.7
12	Spectrogram 1	1	509.184823033	509.702639685	4038.3	4306.2
13	Spectrogram 1	1	509.986603656	510.537827835	1933.0	3636.4
14	Spectrogram 1	1	512.458760579	512.926465943	2047.8	3559.8
15	Spectrogram 1	1	514.479915901	515.432030392	497.6	3789.5
16	Spectrogram 1	1	530.655877482	531.374139291	1818.2	3311.0
17	Spectrogram 1	1	549.003328253	549.738293824	3368.4	4363.6
18	Spectrogram 1	1	750.648076837	751.099078438	1722.5	3445.0
19	Spectrogram 1	1	787.042310644	787.476608482	478.5	3732.1
20	Spectrogram 1	1	810.427578833	810.828469144	1760.8	2507.2
21	Spectrogram 1	1	868.760572453	869.144759001	555.0	3464.1
22	Spectrogram 1	1	922.760572453	923.178166527	1512.0	3540.7
23	Spectrogram 1	1	984.494414718	985.079046423	478.5	2564.6
24	Spectrogram 1	1	1124.288394697	1124.655877482	612.4	2545.5
25	Spectrogram 1	1	1166.478834261	1167.280614885	4823.0	5454.5
26	Spectrogram 1	1	1288.459883885	1289.562332243	5014.4	5358.9
27	Spectrogram 1	1	1359.487737379	1359.972146506	669.9	2564.6
28	Spectrogram 1	1	1547.986624490	1548.437626090	5014.4	5875.6
29	Spectrogram 1	1	1548.170365883	1548.554552431	765.6	3100.5
30	Spectrogram 1	1	1551.060116880	1551.410895903	497.6	2373.2
31	Spectrogram 1	1	1552.262787816	1552.747196942	593.3	2507.2
32	Spectrogram 1	1	1569.858569251	1570.359682141	956.9	2660.3
33	Spectrogram 1	1	1611.791733366	1612.342957545	1665.1	2545.5
34	Spectrogram 1	1	1652.612464365	1653.163688544	708.1	2832.5
35	Spectrogram 1	1	1667.595739769	1667.913111266	4076.6	4574.2
36	Spectrogram 1	1	1693.727144093	1694.311775798	4823.0	5531.1
37	Spectrogram 1	1	1850.615792618	1851.133609271	459.3	2162.7
38	Spectrogram 1	1	1850.799534011	1851.634722160	5167.5	5435.4
39	Spectrogram 1	1	1949.161462764	1949.579056839	612.4	2430.6
40	Spectrogram 1	1	2003.044536424	2003.495538024	421.1	5492.8
41	Spectrogram 1	1	2019.514446733	2020.115782201	880.4	2334.9
42	Spectrogram 1	1	2100.948744571	2102.401971952	4956.9	5626.8
43	Spectrogram 1	1	2136.674827858	2137.743868690	5071.8	5531.1
44	Spectrogram 1	1	2137.827387505	2138.378611683	421.1	3808.6
45	Spectrogram 1	1	2160.360763781	2160.828469144	459.3	2162.7
46	Spectrogram 1	1	2261.695962347	2262.130260185	555.0	2468.9
47	Spectrogram 1	1	2490.030058440	2490.514467567	574.2	2736.8
48	Spectrogram 1	1	2561.936492367	2563.038940725	4842.1	5473.7
49	Spectrogram 1	1	2564.241611660	2564.809539602	459.3	2220.1
50	Spectrogram 1	1	2612.128034405	2612.629147295	497.6	2392.3
51	Spectrogram 1	1	2612.278368272	2613.080148896	5148.3	5531.1
52	Spectrogram 1	1	2804.986603656	2805.437605257	421.1	2181.8
53	Spectrogram 1	1	2866.226052037	2866.743868690	4344.5	4631.6
54	Spectrogram 1	1	2881.543402700	2882.111330642	4287.1	4612.4
55	Spectrogram 1	1	2983.179269001	2983.930938335	2124.4	4746.4
56	Spectrogram 1	1	3009.561229770	3010.062342660	535.9	3521.5
57	Spectrogram 1	1	3016.159216152	3017.946518792	650.7	3349.3
58	Spectrogram 1	1	3043.276142493	3043.894181723	459.3	3598.1
59	Spectrogram 1	1	3045.230482763	3045.781706941	612.4	2602.9
60	Spectrogram 1	1	3051.644727751	3052.279470745	593.3	3445.0
61	Spectrogram 1	1	3053.989973576	3055.025606881	4880.4	5531.1
62	Spectrogram 1	1	3054.040084865	3054.591309043	459.3	3272.7
63	Spectrogram 1	1	3057.430948752	3057.831839064	631.6	2334.9
64	Spectrogram 1	1	3059.251658918	3059.802883097	478.5	3502.4
65	Spectrogram 1	1	3060.738293824	3061.205999188	669.9	2679.4
66	Spectrogram 1	1	3063.711563637	3064.262787816	612.4	2449.8
67	Spectrogram 1	1	3094.085723761	3094.636947940	401.9	2698.6
68	Spectrogram 1	1	3102.537827835	3102.955421910	880.4	2794.3
69	Spectrogram 1	1	3106.496619664	3107.164770184	382.8	2277.5
70	Spectrogram 1	1	3110.946539625	3111.380837463	669.9	2526.3
71	Spectrogram 1	1	3113.936513201	3114.437626090	1301.4	3043.1
72	Spectrogram 1	1	3161.271711767	3161.923158524	1263.2	2870.8
73	Spectrogram 1	1	3172.062342660	3172.530048023	4976.1	5645.9
74	Spectrogram 1	1	3172.079046423	3172.530048023	574.2	3004.8
75	Spectrogram 1	1	3183.571235361	3184.590164903	401.9	5416.3
76	Spectrogram 1	1	3204.524473158	3205.760551619	4516.7	5358.9
77	Spectrogram 1	1	3218.796205758	3219.681505197	363.6	3846.9
78	Spectrogram 1	1	3225.778378689	3226.162565238	631.6	4325.4
79	Spectrogram 1	1	3226.212676527	3226.797308231	1607.7	5760.8
80	Spectrogram 1	1	3230.188172119	3230.806211349	421.1	2813.4
81	Spectrogram 1	1	3231.507769395	3232.075697337	421.1	2679.4
82	Spectrogram 1	1	3232.977700538	3233.445405902	593.3	2679.4
83	Spectrogram 1	1	3234.030037607	3234.831818230	631.6	3272.7
84	Spectrogram 1	1	3240.861876670	3241.596842242	516.7	3215.3
85	Spectrogram 1	1	3242.589083264	3243.724939147	516.7	3215.3
86	Spectrogram 1	1	3244.526719771	3245.128055238	516.7	3138.8
87	Spectrogram 1	1	3250.924260997	3251.358558834	1856.5	2583.7
88	Spectrogram 1	1	3252.160339458	3252.811786215	535.9	2698.6
89	Spectrogram 1	1	3255.250535612	3255.785056027	382.8	1301.4
90	Spectrogram 1	1	3256.586836651	3257.321802223	1148.3	4861.2
91	Spectrogram 1	1	3260.695962347	3261.781706941	401.9	2832.5
92	Spectrogram 1	1	3262.416449935	3263.301749374	1129.2	5913.9
93	Spectrogram 1	1	3264.404197731	3265.072348251	344.5	3751.2
94	Spectrogram 1	1	3266.208204134	3266.592390683	1282.3	2947.4
95	Spectrogram 1	1	3267.110207336	3267.728246566	459.3	2813.4
96	Spectrogram 1	1	3267.761654092	3268.279470745	4440.2	5454.5
97	Spectrogram 1	1	3268.630249768	3269.248288999	401.9	3215.3
98	Spectrogram 1	1	3270.257233783	3270.808457962	574.2	2736.8
99	Spectrogram 1	1	3271.008903118	3271.526719771	421.1	2756.0
100	Spectrogram 1	1	3273.096873492	3274.383063242	421.1	2545.5
101	Spectrogram 1	1	3274.834064843	3275.919809438	1684.2	2583.7
102	Spectrogram 1	1	3277.974372286	3278.859671724	1626.8	6067.0
103	Spectrogram 1	1	3278.909783013	3279.360784614	363.6	2507.2
104	Spectrogram 1	1	3280.429825445	3281.031160913	1588.5	2622.0
105	Spectrogram 1	1	3281.415347462	3281.816237774	4267.9	4593.3
106	Spectrogram 1	1	3282.033386693	3282.634722160	1186.6	3655.5
107	Spectrogram 1	1	3282.935389894	3283.386391495	478.5	3636.4
108	Spectrogram 1	1	3284.138060830	3284.756100060	421.1	3043.1
109	Spectrogram 1	1	3285.140286609	3285.758325840	344.5	3234.4
110	Spectrogram 1	1	3286.910885486	3288.080148896	1301.4	3732.1
111	Spectrogram 1	1	3288.664780600	3289.249412305	995.2	3521.5
112	Spectrogram 1	1	3289.533376276	3290.101304218	1167.5	3138.8
113	Spectrogram 1	1	3290.118007981	3291.270567627	4057.4	6143.5
114	Spectrogram 1	1	3292.189274592	3292.890832637	4306.2	6162.7
115	Spectrogram 1	1	3297.841865488	3300.046762203	497.6	2775.1
116	Spectrogram 1	1	3301.433174531	3302.051213762	401.9	3789.5
117	Spectrogram 1	1	3302.802883097	3303.253884697	574.2	3425.8
118	Spectrogram 1	1	3304.089072847	3304.824038419	401.9	3100.5
119	Spectrogram 1	1	3306.010005591	3306.394192140	574.2	2334.9
120	Spectrogram 1	1	3308.114679728	3308.548977566	593.3	2258.4
121	Spectrogram 1	1	3308.949867878	3309.450980767	401.9	2641.1
122	Spectrogram 1	1	3311.238283408	3311.789507586	459.3	2775.1
123	Spectrogram 1	1	3317.452083241	3317.936492367	497.6	2239.2
124	Spectrogram 1	1	3320.358538001	3320.976577232	497.6	2622.0
125	Spectrogram 1	1	3323.221600478	3323.739417131	440.2	2794.3
126	Spectrogram 1	1	3324.157011205	3324.674827858	344.5	2832.5
127	Spectrogram 1	1	3324.858569251	3325.476608482	421.1	3311.0
128	Spectrogram 1	1	3326.796205758	3328.700434739	1607.7	4765.6
129	Spectrogram 1	1	3333.494414718	3334.028935134	459.3	2698.6
130	Spectrogram 1	1	3336.734944738	3337.169242576	325.4	2622.0
131	Spectrogram 1	1	3339.257212950	3339.758325840	459.3	3636.4
132	Spectrogram 1	1	3339.858548418	3340.509995174	459.3	3578.9
133	Spectrogram 1	1	3340.576810226	3341.044515590	497.6	3866.0
134	Spectrogram 1	1	3341.462109665	3342.180371474	1779.9	3043.1
135	Spectrogram 1	1	3342.982152097	3343.516672513	1875.6	2679.4
136	Spectrogram 1	1	3346.089052014	3346.656979955	401.9	2679.4
137	Spectrogram 1	1	3350.572379501	3350.973269813	1779.9	2736.8
138	Spectrogram 1	1	3351.324048835	3351.825161725	1550.2	3349.3
139	Spectrogram 1	1	3352.309570852	3352.944313846	497.6	3387.6
140	Spectrogram 1	1	3359.559003990	3360.210450747	421.1	3349.3
141	Spectrogram 1	1	3360.678156111	3361.145861475	497.6	2545.5
142	Spectrogram 1	1	3361.880827046	3362.415347462	459.3	2488.0
143	Spectrogram 1	1	3364.987726963	3365.538951141	421.1	2660.3
144	Spectrogram 1	1	3365.605766193	3366.006656505	1875.6	2564.6
145	Spectrogram 1	1	3367.710440330	3368.094626879	1569.4	2488.0
146	Spectrogram 1	1	3371.435379478	3371.969899893	287.1	2928.2
147	Spectrogram 1	1	3378.958791829	3379.610238586	497.6	2870.8
148	Spectrogram 1	1	3382.048987983	3383.201547629	1703.3	3215.3
149	Spectrogram 1	1	3383.802883097	3384.571256194	401.9	3923.4
150	Spectrogram 1	1	3386.809560435	3387.327377088	401.9	3655.5
151	Spectrogram 1	1	3389.983275404	3390.417573241	478.5	2775.1
152	Spectrogram 1	1	3390.901982368	3391.620244177	210.5	2890.0
153	Spectrogram 1	1	3394.660329041	3395.595739769	382.8	5799.0
154	Spectrogram 1	1	3399.303975153	3399.905310621	401.9	2660.3
155	Spectrogram 1	1	3403.429804612	3403.830694924	306.2	3062.2
156	Spectrogram 1	1	3407.462130498	3408.130281018	401.9	3043.1
157	Spectrogram 1	1	3411.838516402	3412.356333055	689.0	3196.2
158	Spectrogram 1	1	3412.623593263	3413.174817442	382.8	995.2
159	Spectrogram 1	1	3413.191521205	3413.726041620	440.2	3043.1
160	Spectrogram 1	1	3414.945416319	3415.479936734	421.1	2181.8
161	Spectrogram 1	1	3416.231606069	3416.799534011	1703.3	3043.1
162	Spectrogram 1	1	3419.388617274	3420.290620476	440.2	3961.7
163	Spectrogram 1	1	3421.743847856	3422.295072035	440.2	3291.9
164	Spectrogram 1	1	3422.579036006	3423.714891889	1665.1	2756.0
165	Spectrogram 1	1	3424.232708542	3424.683710143	421.1	2449.8
166	Spectrogram 1	1	3427.038940725	3427.640276192	382.8	3349.3
167	Spectrogram 1	1	3428.358538001	3429.160318625	650.7	2507.2
168	Spectrogram 1	1	3436.817361080	3438.337403512	1607.7	3789.5
169	Spectrogram 1	1	3439.790630893	3442.145861475	1588.5	4114.8
170	Spectrogram 1	1	3450.063445133	3450.648076837	440.2	2334.9
171	Spectrogram 1	1	3451.917562825	3452.452083241	459.3	2736.8
172	Spectrogram 1	1	3456.484409127	3458.856343472	1645.9	4191.4
173	Spectrogram 1	1	3459.791754199	3460.459904719	421.1	2181.8
174	Spectrogram 1	1	3460.860795031	3461.595760602	593.3	3100.5
175	Spectrogram 1	1	3461.178166527	3461.863020810	5320.6	5703.3
176	Spectrogram 1	1	3462.397541226	3462.898654116	2105.3	4631.6
177	Spectrogram 1	1	3463.817361080	3466.489963159	459.3	1779.9
178	Spectrogram 1	1	3467.842967961	3468.277265799	995.2	1492.8
179	Spectrogram 1	1	3468.511118481	3469.246084053	478.5	2047.8
180	Spectrogram 1	1	3469.413121682	3469.814011994	1990.4	3043.1
181	Spectrogram 1	1	3472.052316235	3472.820689333	803.8	5512.0
182	Spectrogram 1	1	3474.440954343	3474.925363470	535.9	3980.9
183	Spectrogram 1	1	3475.109104863	3475.593513989	535.9	3808.6
184	Spectrogram 1	1	3476.111330642	3476.645851058	1760.8	2870.8
185	Spectrogram 1	1	3483.384186549	3483.985522017	3980.9	4574.2
186	Spectrogram 1	1	3487.376385904	3487.910906320	459.3	2373.2
187	Spectrogram 1	1	3488.295092868	3489.297318648	1894.7	3215.3
188	Spectrogram 1	1	3494.675930331	3495.160339458	421.1	5129.2
189	Spectrogram 1	1	3496.429825445	3496.864123283	2009.6	2909.1
190	Spectrogram 1	1	3498.668129686	3500.021134489	2047.8	2315.8
191	Spectrogram 1	1	3501.858548418	3502.459883885	1416.3	4555.0
192	Spectrogram 1	1	3504.030037607	3504.748299415	497.6	3081.3
193	Spectrogram 1	1	3511.152559646	3511.620265010	1818.2	4134.0
194	Spectrogram 1	1	3512.305119293	3513.106899916	421.1	4555.0
195	Spectrogram 1	1	3523.713789416	3524.214902306	401.9	1071.8
196	Spectrogram 1	1	3534.988829436	3535.740498770	1665.1	2794.3
197	Spectrogram 1	1	3542.378611683	3543.915357879	612.4	3885.2
198	Spectrogram 1	1	3545.819586860	3546.788405113	516.7	3349.3
199	Spectrogram 1	1	3551.532273803	3552.501092056	1894.7	4421.1
200	Spectrogram 1	1	3553.052316235	3553.636947940	2239.2	2622.0
201	Spectrogram 1	1	3561.888606858	3563.458760579	363.6	2583.7
202	Spectrogram 1	1	3566.104674137	3567.574605280	5014.4	5760.8
203	Spectrogram 1	1	3566.422045634	3567.006677339	555.0	2756.0
204	Spectrogram 1	1	3570.531171330	3571.048987983	574.2	2947.4
205	Spectrogram 1	1	3572.502215363	3573.070143305	612.4	2679.4
206	Spectrogram 1	1	3573.554552431	3574.874149708	1875.6	3081.3
207	Spectrogram 1	1	3576.644748585	3577.028935134	2047.8	2315.8
208	Spectrogram 1	1	3578.131383491	3578.766126485	574.2	3349.3
209	Spectrogram 1	1	3579.701537212	3580.469910310	440.2	2679.4
210	Spectrogram 1	1	3581.822915112	3582.223805424	535.9	1129.2
211	Spectrogram 1	1	3588.905310621	3589.339608459	555.0	2660.3
212	Spectrogram 1	1	3591.477690122	3592.079025589	440.2	3617.2
213	Spectrogram 1	1	3592.563434716	3593.582364259	2028.7	2583.7
214	Spectrogram 1	1	3595.961017609	3596.629168128	497.6	3177.0
215	Spectrogram 1	1	3598.366359479	3601.473259396	1875.6	2660.3
216	Spectrogram 1	1	3606.651425923	3608.154764593	497.6	2660.3
217	Spectrogram 1	1	3612.581261785	3613.115782201	382.8	2507.2
218	Spectrogram 1	1	3617.408649290	3617.926465943	631.6	2660.3
219	Spectrogram 1	1	3621.440975176	3622.342978378	2009.6	2583.7
220	Spectrogram 1	1	3624.163688544	3625.216025612	1741.6	5741.6
221	Spectrogram 1	1	3626.819586860	3627.320699749	497.6	2660.3
222	Spectrogram 1	1	3627.988850269	3630.878601267	1665.1	5952.2
223	Spectrogram 1	1	3635.973248979	3636.457658106	459.3	3100.5
224	Spectrogram 1	1	3636.658103262	3637.159216152	421.1	3157.9
225	Spectrogram 1	1	3639.280594052	3639.798410704	497.6	3425.8
226	Spectrogram 1	1	3640.099078438	3641.585713344	382.8	3770.3
227	Spectrogram 1	1	3649.192644511	3650.244981579	421.1	2698.6
228	Spectrogram 1	1	3664.109104863	3664.626921515	478.5	2870.8
229	Spectrogram 1	1	3665.278368272	3665.645851058	1818.2	2507.2
230	Spectrogram 1	1	3669.521124072	3670.272793407	1531.1	2583.7
231	Spectrogram 1	1	3671.659205735	3672.293948729	1856.5	2526.3
232	Spectrogram 1	1	3673.129136878	3673.780583635	478.5	2660.3
233	Spectrogram 1	1	3684.795082452	3685.446529208	1550.2	2622.0
234	Spectrogram 1	1	3686.816237774	3687.384165715	574.2	2583.7
235	Spectrogram 1	1	3688.854096859	3689.605766193	593.3	4478.5
236	Spectrogram 1	1	3690.023360268	3690.574584447	1244.0	4440.2
237	Spectrogram 1	1	3694.516672513	3695.168119270	1588.5	3693.8
238	Spectrogram 1	1	3699.878580433	3700.429804612	1645.9	2736.8
