Selection	View	Channel	Begin Time (s)	End Time (s)	Low Freq (Hz)	High Freq (Hz)	Begin File
1	Spectrogram 1	1	96.534506774	97.837400891	96.8	464.5	Iniskin_HB16_191116065140.wav
2	Spectrogram 1	1	301.915907224	303.569580526	116.1	522.6	Iniskin_HB16_191116065140.wav
3	Spectrogram 1	1	441.405868295	443.134708565	77.4	483.9	Iniskin_HB16_191116065140.wav
4	Spectrogram 1	1	564.860209470	566.238270555	96.8	483.9	Iniskin_HB16_191116065140.wav
5	Spectrogram 1	1	722.500525311	724.229365581	77.4	503.2	Iniskin_HB16_191116065140.wav
6	Spectrogram 1	1	968.807871914	970.611879153	96.8	619.4	Iniskin_HB16_191116065140.wav
7	Spectrogram 1	1	1137.708237101	1139.612466964	77.4	541.9	Iniskin_HB16_191116065140.wav
8	Spectrogram 1	1	1266.825156552	1268.804553383	77.4	600.0	Iniskin_HB16_191116065140.wav
9	Spectrogram 1	1	1420.732179635	1421.884739815	96.8	464.5	Iniskin_HB16_191116065140.wav
10	Spectrogram 1	1	1690.867455178	1691.794514453	116.1	483.9	Iniskin_HB16_191116065140.wav
11	Spectrogram 1	1	1762.772252018	1764.025034823	77.4	483.9	Iniskin_HB16_191116065140.wav
12	Spectrogram 1	1	1795.880833473	1797.709896367	58.1	561.3	Iniskin_HB16_191116065140.wav
13	Spectrogram 1	1	1835.228273293	1836.080165599	96.8	464.5	Iniskin_HB16_191116065140.wav
14	Spectrogram 1	1	1837.458226684	1838.736065145	116.1	561.3	Iniskin_HB16_191116065140.wav
15	Spectrogram 1	1	1925.624144325	1927.854097717	77.4	696.8	Iniskin_HB16_191116065140.wav
16	Spectrogram 1	1	1962.666463785	1964.094636182	96.8	348.4	Iniskin_HB16_191116065140.wav
17	Spectrogram 1	1	2042.087957452	2043.466018537	96.8	503.2	Iniskin_HB16_191116065140.wav
18	Spectrogram 1	1	2125.743856997	2127.773365140	116.1	754.8	Iniskin_HB16_191116065140.wav
19	Spectrogram 1	1	2153.390305424	2154.693199541	77.4	464.5	Iniskin_HB16_191116065140.wav
20	Spectrogram 1	1	2272.109127598	2274.138635741	77.4	541.9	Iniskin_HB16_191116065140.wav
21	Spectrogram 1	1	2323.934284150	2325.011677362	116.1	600.0	Iniskin_HB16_191116065140.wav
22	Spectrogram 1	1	2394.611353842	2395.964359271	96.8	445.2	Iniskin_HB16_191116065140.wav
23	Spectrogram 1	1	2414.981602241	2416.910887760	77.4	696.8	Iniskin_HB16_191116065140.wav
24	Spectrogram 1	1	2503.798966940	2505.678141147	77.4	483.9	Iniskin_HB16_191116065140.wav
25	Spectrogram 1	1	2623.996072824	2625.048410380	116.1	522.6	Iniskin_HB16_191116065140.wav
26	Spectrogram 1	1	2743.767232554	2745.471017168	96.8	638.7	Iniskin_HB16_191116065140.wav
27	Spectrogram 1	1	2808.932057906	2810.134729399	77.4	541.9	Iniskin_HB16_191116065140.wav
28	Spectrogram 1	1	2877.379174207	2879.283404069	77.4	851.6	Iniskin_HB16_191116065140.wav
29	Spectrogram 1	1	2890.783950213	2892.437623515	96.8	754.8	Iniskin_HB16_191116065140.wav
30	Spectrogram 1	1	2964.467698636	2965.394757911	77.4	464.5	Iniskin_HB16_191116065140.wav
31	Spectrogram 1	1	3005.869702255	3006.896984155	96.8	406.5	Iniskin_HB16_191116065140.wav
32	Spectrogram 1	1	3053.635842520	3055.214348854	77.4	541.9	Iniskin_HB16_191116065140.wav
33	Spectrogram 1	1	3104.784496358	3106.688726220	77.4	638.7	Iniskin_HB16_191116065140.wav
34	Spectrogram 1	1	3131.679275102	3133.057336187	96.8	832.3	Iniskin_HB16_191116065140.wav
35	Spectrogram 1	1	3205.638635741	3207.693199541	58.1	890.3	Iniskin_HB16_191116065140.wav
36	Spectrogram 1	1	3349.062334818	3352.219347485	58.1	619.4	Iniskin_HB16_191116065140.wav
37	Spectrogram 1	1	3433.344625766	3434.722686850	77.4	638.7	Iniskin_HB16_191116065140.wav
38	Spectrogram 1	1	3513.718234363	3514.895850200	77.4	774.2	Iniskin_HB16_191116065140.wav
39	Spectrogram 1	1	3523.514995894	3525.068446571	77.4	425.8	Iniskin_HB16_191116065140.wav
40	Spectrogram 1	1	3574.122485059	3576.126937546	77.4	735.5	Iniskin_HB16_191116065140.wav
41	Spectrogram 1	1	3688.506678731	3689.809572847	77.4	735.5	Iniskin_HB16_191116065140.wav
42	Spectrogram 1	1	3700.107447499	3702.136955642	77.4	774.2	Iniskin_HB16_191116065140.wav
43	Spectrogram 1	1	3764.510543407	3765.713214899	116.1	793.5	Iniskin_HB16_191116065140.wav
44	Spectrogram 1	1	3816.646427594	3818.751102705	77.4	871.0	Iniskin_HB16_191116065140.wav
45	Spectrogram 1	1	3956.787835723	3958.692065586	77.4	735.5	Iniskin_HB16_191116065140.wav
46	Spectrogram 1	1	3965.782816258	3966.885265126	116.1	658.1	Iniskin_HB16_191116065140.wav
47	Spectrogram 1	1	4045.079031644	4046.557315354	58.1	619.4	Iniskin_HB16_191116065140.wav
48	Spectrogram 1	1	4139.569034382	4141.623598181	96.8	619.4	Iniskin_HB16_191116065140.wav
49	Spectrogram 1	1	4217.737745244	4218.915361080	77.4	483.9	Iniskin_HB16_191116065140.wav
50	Spectrogram 1	1	4218.614693207	4220.794535287	96.8	851.6	Iniskin_HB16_191116065140.wav
51	Spectrogram 1	1	4309.737178267	4310.939849759	96.8	483.9	Iniskin_HB16_191116065140.wav
52	Spectrogram 1	1	4387.855777816	4390.060675552	96.8	812.9	Iniskin_HB16_191116065140.wav
53	Spectrogram 1	1	4482.536166040	4483.939282781	77.4	619.4	Iniskin_HB16_191116065140.wav
54	Spectrogram 1	1	4550.457113563	4551.885285960	96.8	483.9	Iniskin_HB16_191116065140.wav
55	Spectrogram 1	1	4601.280043871	4603.459885950	77.4	735.5	Iniskin_HB16_191116065140.wav
56	Spectrogram 1	1	4657.991053359	4659.669782317	96.8	561.3	Iniskin_HB16_191116065140.wav
57	Spectrogram 1	1	4736.360209470	4737.512769650	77.4	445.2	Iniskin_HB16_191116065140.wav
58	Spectrogram 1	1	4982.893056978	4984.170895439	135.5	503.2	Iniskin_HB16_191116065140.wav
59	Spectrogram 1	1	4995.305666504	4996.307892748	96.8	522.6	Iniskin_HB16_191116065140.wav
60	Spectrogram 1	1	5377.870794543	5379.850191374	96.8	716.1	Iniskin_HB16_191116065140.wav
61	Spectrogram 1	1	5734.653652468	5736.232158802	77.4	541.9	Iniskin_HB16_191116065140.wav
