Selection	View	Channel	Begin Time (s)	End Time (s)	Low Freq (Hz)	High Freq (Hz)
1	Spectrogram 1	1	0.491266326	1.768558772	237.4	819.2
2	Spectrogram 1	1	7.270741618	8.613536242	439.3	842.9
3	Spectrogram 1	1	9.694322158	10.840610251	332.4	783.6
4	Spectrogram 1	1	13.657203851	15.032749562	249.3	522.4
5	Spectrogram 1	1	15.949780037	17.227072483	201.8	498.6
6	Spectrogram 1	1	19.257639962	20.240172614	284.9	724.2
7	Spectrogram 1	1	21.746722679	22.794757507	237.4	712.3
8	Spectrogram 1	1	25.414844576	26.954145730	296.8	522.4
9	Spectrogram 1	1	28.591700148	29.934494771	249.3	498.6
10	Spectrogram 1	1	35.682841521	37.516902469	332.4	688.6
11	Spectrogram 1	1	39.907731920	41.709041781	249.3	427.4
12	Spectrogram 1	1	41.938299399	43.019085316	249.3	498.6
13	Spectrogram 1	1	49.634805167	53.106420534	344.3	688.6
14	Spectrogram 1	1	55.533824622	56.974872510	213.7	724.2
15	Spectrogram 1	1	66.276181608	69.747796975	356.2	783.6
16	Spectrogram 1	1	71.811115542	73.186661254	213.7	439.3
17	Spectrogram 1	1	81.835828277	83.637138137	320.6	736.1
18	Spectrogram 1	1	86.519233914	87.763775272	273.1	700.5
19	Spectrogram 1	1	95.820543011	98.211372462	284.9	510.5
20	Spectrogram 1	1	100.733206267	102.534516127	237.4	427.4
21	Spectrogram 1	1	103.682751931	104.698035671	1163.5	1401.0
22	Spectrogram 1	1	110.069214164	112.984061029	261.2	736.1
23	Spectrogram 1	1	113.016812117	114.097598033	213.7	415.5
24	Spectrogram 1	1	119.436025438	123.005894070	1175.4	1460.3
25	Spectrogram 1	1	124.643448489	126.575762703	332.4	724.2
26	Spectrogram 1	1	128.991013661	130.694070257	225.6	415.5
27	Spectrogram 1	1	134.853458480	136.229004192	1306.0	1519.7
28	Spectrogram 1	1	137.964811875	141.174418536	284.9	712.3
29	Spectrogram 1	1	142.353457717	144.220269754	201.8	451.2
30	Spectrogram 1	1	145.104549140	151.785771168	1116.0	1472.2
31	Spectrogram 1	1	153.063063614	156.108914833	320.6	759.8
32	Spectrogram 1	1	158.538185259	160.011984235	213.7	439.3
33	Spectrogram 1	1	160.929014710	165.022900756	1127.9	1436.6
34	Spectrogram 1	1	163.221590896	164.335127900	2362.6	2528.8
35	Spectrogram 1	1	168.003249798	170.492332514	308.7	546.1
36	Spectrogram 1	1	172.752157612	174.520716384	190.0	451.2
37	Spectrogram 1	1	175.306742505	175.961764272	2327.0	2576.3
38	Spectrogram 1	1	177.206305630	180.710672086	1092.3	1389.1
39	Spectrogram 1	1	183.480536131	185.085339461	178.1	712.3
40	Spectrogram 1	1	187.574422177	188.851714624	237.4	736.1
41	Spectrogram 1	1	192.192325638	193.240360466	1211.0	1377.2
42	Spectrogram 1	1	196.384464949	198.971800931	332.4	534.3
43	Spectrogram 1	1	201.002368410	202.345163033	201.8	700.5
44	Spectrogram 1	1	205.492175707	206.638463800	2374.5	2659.4
45	Spectrogram 1	1	205.917939856	206.703965977	1139.8	1377.2
46	Spectrogram 1	1	208.832786721	211.976891205	296.8	676.7
47	Spectrogram 1	1	213.450690182	215.579510926	237.4	700.5
48	Spectrogram 1	1	216.070777251	217.544576228	1009.2	1341.6
49	Spectrogram 1	1	219.116628470	220.131912210	1116.0	1472.2
50	Spectrogram 1	1	223.439772135	225.175579819	130.6	391.8
51	Spectrogram 1	1	227.828417977	229.531474572	225.6	427.4
52	Spectrogram 1	1	230.671316046	231.883106316	854.8	1032.9
53	Spectrogram 1	1	232.407123730	233.717167265	831.1	1068.5
54	Spectrogram 1	1	242.265201330	243.771751395	225.6	783.6
55	Spectrogram 1	1	242.854720920	243.640747041	2089.6	2279.5
56	Spectrogram 1	1	245.180048195	246.391838464	831.1	997.3
57	Spectrogram 1	1	247.145113497	248.094895060	866.7	1080.4
58	Spectrogram 1	1	257.428955245	258.968256399	225.6	748.0
59	Spectrogram 1	1	273.208514222	274.616811022	201.8	664.9
60	Spectrogram 1	1	279.431221013	280.053491692	878.6	1032.9
61	Spectrogram 1	1	285.817683245	288.568774669	213.7	474.9
62	Spectrogram 1	1	289.420302966	290.697595413	807.3	2837.5
63	Spectrogram 1	1	291.745630241	292.433403096	296.8	795.5
64	Spectrogram 1	1	294.267464045	295.184494520	225.6	783.6
65	Spectrogram 1	1	298.235108393	299.708907369	237.4	439.3
66	Spectrogram 1	1	300.069169341	302.066985732	237.4	486.8
67	Spectrogram 1	1	302.754758588	304.392313006	783.6	1056.6
68	Spectrogram 1	1	303.049518383	304.294059741	2540.7	2837.5
69	Spectrogram 1	1	304.425064095	305.571352188	83.1	653.0
70	Spectrogram 1	1	305.014583685	306.128120690	771.7	1044.8
71	Spectrogram 1	1	307.143404430	307.831177285	178.1	617.4
72	Spectrogram 1	1	310.091002383	312.285325304	213.7	415.5
73	Spectrogram 1	1	314.086635164	315.887945025	201.8	415.5
74	Spectrogram 1	1	316.857445440	318.724257477	783.6	1056.6
75	Spectrogram 1	1	316.988449793	318.232991152	2564.5	3692.3
76	Spectrogram 1	1	319.248274891	320.296309719	842.9	985.4
77	Spectrogram 1	1	319.444781421	320.329060807	190.0	581.8
78	Spectrogram 1	1	328.156570928	330.252640584	249.3	474.9
79	Spectrogram 1	1	331.333426500	333.003732007	748.0	973.5
80	Spectrogram 1	1	335.623819077	336.639102816	118.7	486.8
81	Spectrogram 1	1	342.434260494	344.039063824	225.6	522.4
82	Spectrogram 1	1	342.827273554	343.416793145	2089.6	2291.4
83	Spectrogram 1	1	345.643867154	346.462644363	2493.2	2766.3
84	Spectrogram 1	1	345.021596475	346.626399805	759.8	1009.2
85	Spectrogram 1	1	347.412425926	348.722469461	178.1	985.4
86	Spectrogram 1	1	350.556530410	351.473560884	273.1	498.6
87	Spectrogram 1	1	355.272687135	357.401507879	237.4	474.9
88	Spectrogram 1	1	358.828577301	360.335127366	795.5	961.7
89	Spectrogram 1	1	359.319843627	360.367878455	166.2	344.3
90	Spectrogram 1	1	366.557834157	367.835126603	106.9	498.6
91	Spectrogram 1	1	368.883161431	370.749973468	261.2	451.2
92	Spectrogram 1	1	371.732506119	372.944296389	819.2	1009.2
93	Spectrogram 1	1	382.129626830	384.094692132	154.3	451.2
94	Spectrogram 1	1	385.404735667	386.649277025	736.1	1021.0
95	Spectrogram 1	1	394.051022997	397.260629658	201.8	391.8
96	Spectrogram 1	1	398.701677546	399.258446048	771.7	961.7
97	Spectrogram 1	1	401.158009174	403.024821211	154.3	546.1
98	Spectrogram 1	1	405.717027575	407.289079817	166.2	332.4
99	Spectrogram 1	1	408.828380971	410.629690831	213.7	403.7
100	Spectrogram 1	1	411.513970217	412.955018105	795.5	997.3
101	Spectrogram 1	1	412.234494161	413.708293138	130.6	522.4
102	Spectrogram 1	1	416.688642180	418.915716189	154.3	344.3
103	Spectrogram 1	1	420.717026049	422.682091352	190.0	439.3
104	Spectrogram 1	1	423.075104412	424.941916449	95.0	569.9
105	Spectrogram 1	1	424.090388152	425.171174068	759.8	1032.9
106	Spectrogram 1	1	428.184343697	431.524954711	95.0	415.5
107	Spectrogram 1	1	433.359015660	435.651591846	178.1	451.2
108	Spectrogram 1	1	436.175609260	437.813163678	807.3	949.8
109	Spectrogram 1	1	437.878665855	439.647224627	130.6	486.8
110	Spectrogram 1	1	442.463818227	443.806612850	190.0	356.2
111	Spectrogram 1	1	444.952900943	447.048970599	201.8	474.9
112	Spectrogram 1	1	448.442380700	449.555917704	712.3	937.9
113	Spectrogram 1	1	450.898712327	452.241506951	819.2	961.7
114	Spectrogram 1	1	454.959847286	457.055916941	106.9	581.8
115	Spectrogram 1	1	459.413995304	461.706571490	178.1	415.5
116	Spectrogram 1	1	462.820108495	463.933645499	748.0	949.8
117	Spectrogram 1	1	470.040373633	471.645176964	118.7	498.6
118	Spectrogram 1	1	472.038190024	475.935569540	154.3	463.0
119	Spectrogram 1	1	475.968320629	477.049106545	664.9	902.3
120	Spectrogram 1	1	482.233164818	482.986439851	118.7	273.1
121	Spectrogram 1	1	485.246264949	487.604343311	142.5	748.0
122	Spectrogram 1	1	488.586875963	489.307399907	700.5	949.8
123	Spectrogram 1	1	490.519190176	491.632727181	118.7	391.8
124	Spectrogram 1	1	501.883817841	503.423118995	106.9	546.1
125	Spectrogram 1	1	504.439418464	508.009287096	201.8	949.8
126	Spectrogram 1	1	509.515837161	510.825880696	130.6	415.5
127	Spectrogram 1	1	512.463435115	513.216710147	130.6	344.3
128	Spectrogram 1	1	514.690509124	515.312779803	130.6	296.8
129	Spectrogram 1	1	517.998369050	519.635923468	71.2	510.5
130	Spectrogram 1	1	523.203022907	524.414813177	154.3	368.0
131	Spectrogram 1	1	524.873328414	526.772891540	273.1	712.3
132	Spectrogram 1	1	529.098218814	530.768524321	83.1	356.2
133	Spectrogram 1	1	530.997781940	532.406078740	178.1	451.2
134	Spectrogram 1	1	534.403895131	536.008698461	106.9	486.8
135	Spectrogram 1	1	539.267028137	540.773578202	142.5	415.5
136	Spectrogram 1	1	543.229909830	546.275761049	225.6	783.6
137	Spectrogram 1	1	547.618555672	548.535586146	225.6	415.5
138	Spectrogram 1	1	549.452616621	549.976634035	605.5	842.9
139	Spectrogram 1	1	550.500651449	552.039952602	106.9	498.6
140	Spectrogram 1	1	552.170956956	552.727725458	546.1	878.6
141	Spectrogram 1	1	555.315061439	556.559602797	154.3	403.7
142	Spectrogram 1	1	558.721206131	559.408978987	130.6	344.3
143	Spectrogram 1	1	559.310725721	560.588018168	296.8	736.1
144	Spectrogram 1	1	561.243039935	561.865310614	130.6	403.7
145	Spectrogram 1	1	563.175354149	563.994131359	142.5	344.3
146	Spectrogram 1	1	566.417711898	567.826008698	130.6	569.9
147	Spectrogram 1	1	571.133868624	572.018148010	178.1	368.0
148	Spectrogram 1	1	574.245222019	575.719020996	130.6	486.8
149	Spectrogram 1	1	579.400352125	580.546640218	225.6	486.8
150	Spectrogram 1	1	581.725679399	582.937469669	273.1	463.0
151	Spectrogram 1	1	586.114325241	587.522622041	154.3	356.2
152	Spectrogram 1	1	595.967741186	597.834553223	213.7	486.8
