Selection	View	Channel	Begin Time (s)	End Time (s)	Low Freq (Hz)	High Freq (Hz)
1	Spectrogram 1	1	0.231585167	0.880023634	95.0	284.9
2	Spectrogram 1	1	0.416853300	1.435828034	676.7	866.7
3	Spectrogram 1	1	7.688627537	9.402357772	71.2	629.2
4	Spectrogram 1	1	13.663524840	15.886742442	83.1	273.1
5	Spectrogram 1	1	17.229936409	18.387862243	71.2	178.1
6	Spectrogram 1	1	19.870007310	20.333177644	71.2	213.7
7	Spectrogram 1	1	24.316442513	26.400709014	130.6	498.6
8	Spectrogram 1	1	32.190338183	33.348264017	106.9	237.4
9	Spectrogram 1	1	41.592695955	43.491694323	106.9	498.6
10	Spectrogram 1	1	51.285237954	53.369504455	617.4	854.8
11	Spectrogram 1	1	59.251767691	61.336034192	106.9	403.7
12	Spectrogram 1	1	67.125663362	68.515174363	225.6	415.5
13	Spectrogram 1	1	72.868975498	74.073218366	1353.5	3217.4
14	Spectrogram 1	1	78.334385434	82.317650303	83.1	451.2
15	Spectrogram 1	1	82.827137670	83.382942070	213.7	415.5
16	Spectrogram 1	1	85.189306371	86.856719572	190.0	463.0
17	Spectrogram 1	1	96.778291352	98.399387519	154.3	403.7
18	Spectrogram 1	1	102.243701288	105.763795823	83.1	605.5
19	Spectrogram 1	1	108.172281557	109.886011792	190.0	391.8
20	Spectrogram 1	1	111.507107959	112.942935993	213.7	379.9
21	Spectrogram 1	1	114.749300294	115.444055795	688.6	2374.5
22	Spectrogram 1	1	117.574639329	118.223077796	736.1	1234.7
23	Spectrogram 1	1	120.261027264	121.187367931	890.4	2398.2
24	Spectrogram 1	1	124.985364666	127.579118534	59.4	593.6
25	Spectrogram 1	1	130.311823502	131.793968570	201.8	391.8
26	Spectrogram 1	1	136.296079448	137.361371215	581.8	2291.4
27	Spectrogram 1	1	139.260369583	140.696197617	201.8	356.2
28	Spectrogram 1	1	140.279344317	141.529904217	641.1	2623.8
29	Spectrogram 1	1	146.207924586	148.709044388	118.7	748.0
30	Spectrogram 1	1	151.627017489	152.784943323	201.8	451.2
31	Spectrogram 1	1	153.572332890	154.544990591	166.2	379.9
32	Spectrogram 1	1	155.425014225	156.258720825	118.7	629.2
33	Spectrogram 1	1	158.435621393	159.223010960	130.6	296.8
34	Spectrogram 1	1	160.905448006	161.600203506	106.9	973.5
35	Spectrogram 1	1	162.711812307	163.638152974	118.7	308.7
36	Spectrogram 1	1	164.286591441	165.166615075	95.0	284.9
37	Spectrogram 1	1	166.509809042	167.158247509	118.7	284.9
38	Spectrogram 1	1	168.038271143	169.057245877	106.9	261.2
39	Spectrogram 1	1	171.558365678	174.337387680	118.7	534.3
40	Spectrogram 1	1	176.375337147	178.505920682	178.1	522.4
41	Spectrogram 1	1	180.682821250	181.794430050	83.1	261.2
42	Spectrogram 1	1	183.739745451	184.480817985	83.1	261.2
43	Spectrogram 1	1	185.268207552	186.009280086	83.1	296.8
44	Spectrogram 1	1	187.167205920	187.954595487	71.2	284.9
45	Spectrogram 1	1	188.927253187	189.529374621	95.0	273.1
46	Spectrogram 1	1	190.224130121	191.150470788	106.9	249.3
47	Spectrogram 1	1	191.845226289	192.586298822	71.2	190.0
48	Spectrogram 1	1	192.539981789	193.929492790	368.0	617.4
49	Spectrogram 1	1	196.237305435	198.182620836	130.6	736.1
50	Spectrogram 1	1	200.498472504	202.629056038	142.5	522.4
51	Spectrogram 1	1	204.852273640	205.871248373	59.4	213.7
52	Spectrogram 1	1	207.492344541	208.279734108	83.1	201.8
53	Spectrogram 1	1	209.345025875	210.317683576	71.2	249.3
54	Spectrogram 1	1	210.873487976	212.077730843	59.4	213.7
55	Spectrogram 1	1	216.246263845	218.562115513	118.7	498.6
56	Spectrogram 1	1	220.924284215	222.684331482	178.1	522.4
57	Spectrogram 1	1	224.997828792	226.526290893	71.2	344.3
58	Spectrogram 1	1	227.915801894	229.073727727	71.2	403.7
59	Spectrogram 1	1	230.000068395	231.111677195	106.9	249.3
60	Spectrogram 1	1	235.280210197	237.873964065	106.9	937.9
61	Spectrogram 1	1	239.772962433	241.579326734	201.8	558.0
62	Spectrogram 1	1	241.764594867	243.061471801	332.4	629.2
63	Spectrogram 1	1	244.126763569	245.238372369	59.4	332.4
64	Spectrogram 1	1	246.905785570	247.924760304	59.4	284.9
65	Spectrogram 1	1	248.943735038	250.101660872	59.4	261.2
66	Spectrogram 1	1	250.935367472	251.583805939	59.4	190.0
67	Spectrogram 1	1	252.139610339	253.297536173	83.1	308.7
68	Spectrogram 1	1	253.853340574	255.011266408	71.2	237.4
69	Spectrogram 1	1	258.552241288	261.099678123	118.7	641.1
70	Spectrogram 1	1	263.276578691	265.129260025	178.1	498.6
71	Spectrogram 1	1	266.981941359	268.232501260	83.1	249.3
72	Spectrogram 1	1	268.741988627	270.224133694	344.3	510.5
73	Spectrogram 1	1	270.085182594	271.104157328	118.7	249.3
74	Spectrogram 1	1	272.030497995	273.003155696	71.2	237.4
75	Spectrogram 1	1	273.790545263	275.272690330	83.1	332.4
76	Spectrogram 1	1	277.218005731	279.024370032	83.1	344.3
77	Spectrogram 1	1	281.386538734	283.007634901	379.9	617.4
78	Spectrogram 1	1	282.417780898	284.548364433	71.2	213.7
79	Spectrogram 1	1	286.169460600	286.910533134	23.7	201.8
80	Spectrogram 1	1	286.678947967	287.420020501	130.6	320.6
81	Spectrogram 1	1	288.624263368	289.226384802	83.1	190.0
82	Spectrogram 1	1	291.727504603	293.533868904	71.2	463.0
83	Spectrogram 1	1	296.220256839	297.887670039	59.4	522.4
84	Spectrogram 1	1	302.982543709	303.862567343	59.4	166.2
85	Spectrogram 1	1	304.140469543	304.418371743	71.2	261.2
86	Spectrogram 1	1	305.066810210	305.576297577	95.0	225.6
87	Spectrogram 1	1	306.410004177	306.780540444	201.8	427.4
88	Spectrogram 1	1	306.873174511	307.567930011	308.7	522.4
89	Spectrogram 1	1	309.050075079	309.466928379	166.2	261.2
90	Spectrogram 1	1	309.976415746	310.624854213	130.6	249.3
91	Spectrogram 1	1	311.088024546	311.643828947	83.1	249.3
92	Spectrogram 1	1	314.654436115	315.766044915	35.6	391.8
93	Spectrogram 1	1	319.045273400	320.355316935	35.6	605.5
94	Spectrogram 1	1	322.713395298	323.302914888	71.2	225.6
95	Spectrogram 1	1	323.564923595	323.990687744	130.6	308.7
96	Spectrogram 1	1	324.285447539	324.776713865	130.6	332.4
97	Spectrogram 1	1	326.447019372	326.971036786	95.0	213.7
98	Spectrogram 1	1	327.298547670	327.855316172	154.3	249.3
99	Spectrogram 1	1	328.084573791	328.444835763	154.3	249.3
100	Spectrogram 1	1	329.198110795	329.754879298	59.4	166.2
101	Spectrogram 1	1	330.147892358	330.573656507	95.0	237.4
102	Spectrogram 1	1	331.195927186	331.654442423	59.4	320.6
103	Spectrogram 1	1	331.818197865	332.407717456	190.0	308.7
104	Spectrogram 1	1	333.586756637	334.274529493	59.4	213.7
105	Spectrogram 1	1	336.206843707	337.811647037	47.5	415.5
106	Spectrogram 1	1	340.964208442	342.143247623	35.6	451.2
107	Spectrogram 1	1	344.921482249	345.412748575	47.5	225.6
108	Spectrogram 1	1	345.576504017	346.035019254	106.9	213.7
109	Spectrogram 1	1	346.297027961	346.788294286	95.0	249.3
110	Spectrogram 1	1	347.443316054	348.065586733	23.7	237.4
111	Spectrogram 1	1	348.294844352	348.589604147	130.6	261.2
112	Spectrogram 1	1	350.652922714	351.340695570	95.0	368.0
113	Spectrogram 1	1	353.305760872	353.764276110	83.1	213.7
114	Spectrogram 1	1	354.353795700	355.008817468	35.6	332.4
115	Spectrogram 1	1	358.218424128	359.790476370	118.7	463.0
116	Spectrogram 1	1	362.541567793	364.441130919	83.1	569.9
117	Spectrogram 1	1	366.646770610	367.301792377	95.0	213.7
118	Spectrogram 1	1	367.531049996	368.022316321	106.9	249.3
119	Spectrogram 1	1	369.332359856	369.889128359	59.4	201.8
120	Spectrogram 1	1	370.020132712	370.347643596	201.8	284.9
121	Spectrogram 1	1	370.576901214	371.002665363	166.2	819.2
122	Spectrogram 1	1	372.410962163	372.803975224	118.7	225.6
123	Spectrogram 1	1	373.098735019	373.655503521	142.5	237.4
124	Spectrogram 1	1	375.686071000	376.308341679	71.2	213.7
125	Spectrogram 1	1	378.175153717	379.517948340	59.4	486.8
126	Spectrogram 1	1	382.924061530	384.332358330	71.2	534.3
127	Spectrogram 1	1	386.821441047	388.033231316	106.9	498.6
128	Spectrogram 1	1	397.518014708	397.943778857	427.4	831.1
129	Spectrogram 1	1	401.153385517	401.841158373	261.2	831.1
130	Spectrogram 1	1	418.759492595	419.676523069	308.7	902.3
131	Spectrogram 1	1	422.558618846	423.442898232	368.0	1329.7
132	Spectrogram 1	1	426.652504892	427.438531013	356.2	1401.0
133	Spectrogram 1	1	429.960364818	430.779142027	201.8	1650.3
134	Spectrogram 1	1	445.670655694	446.849694876	522.4	1175.4
135	Spectrogram 1	1	450.026550448	450.878078745	320.6	949.8
136	Spectrogram 1	1	468.767774342	469.684804817	451.2	914.2
137	Spectrogram 1	1	472.697904947	473.418428891	296.8	949.8
138	Spectrogram 1	1	476.136769226	476.693537728	284.9	783.6
139	Spectrogram 1	1	478.462096500	479.182620444	190.0	807.3
140	Spectrogram 1	1	480.754672686	481.540698807	154.3	795.5
141	Spectrogram 1	1	483.505764110	485.536331589	284.9	664.9
142	Spectrogram 1	1	488.090916482	489.662968723	308.7	700.5
143	Spectrogram 1	1	492.054813904	492.840840025	201.8	641.1
144	Spectrogram 1	1	495.100665123	495.919442332	154.3	688.6
145	Spectrogram 1	1	497.098481513	498.113765253	190.0	688.6
146	Spectrogram 1	1	498.965293550	500.177083820	59.4	510.5
147	Spectrogram 1	1	502.600664360	504.827738369	190.0	581.8
148	Spectrogram 1	1	507.120314555	508.626864620	178.1	949.8
149	Spectrogram 1	1	511.263831850	512.311866678	118.7	724.2
150	Spectrogram 1	1	514.113176538	515.128460278	142.5	759.8
151	Spectrogram 1	1	516.504005990	517.290032110	142.5	332.4
152	Spectrogram 1	1	518.469071292	519.320599589	106.9	296.8
153	Spectrogram 1	1	522.137193189	524.167760668	261.2	997.3
154	Spectrogram 1	1	526.165577059	528.294397803	190.0	1009.2
155	Spectrogram 1	1	530.944504766	531.894286329	106.9	332.4
156	Spectrogram 1	1	534.154111426	535.169395166	95.0	273.1
157	Spectrogram 1	1	536.610443054	537.461971352	35.6	284.9
158	Spectrogram 1	1	538.772014887	539.525289919	83.1	284.9
159	Spectrogram 1	1	540.311316040	541.490355222	35.6	249.3
160	Spectrogram 1	1	544.306948822	546.632276096	166.2	842.9
161	Spectrogram 1	1	548.859350105	550.922668673	178.1	558.0
162	Spectrogram 1	1	553.412729120	554.493515037	95.0	320.6
163	Spectrogram 1	1	556.556833604	557.506615167	106.9	296.8
164	Spectrogram 1	1	558.489147818	560.028448972	71.2	296.8
165	Spectrogram 1	1	560.716221827	561.272990330	71.2	213.7
166	Spectrogram 1	1	562.026265362	563.139802367	59.4	320.6
167	Spectrogram 1	1	564.220588283	565.072116581	71.2	237.4
168	Spectrogram 1	1	567.855959092	570.017530925	284.9	783.6
169	Spectrogram 1	1	572.604866906	574.340674590	154.3	510.5
170	Spectrogram 1	1	576.914070103	577.929353842	95.0	344.3
171	Spectrogram 1	1	579.992672409	581.073458326	47.5	284.9
172	Spectrogram 1	1	582.416252949	583.333283423	71.2	225.6
173	Spectrogram 1	1	584.577824781	585.756863963	47.5	344.3
174	Spectrogram 1	1	586.280881377	587.328916205	71.2	249.3
175	Spectrogram 1	1	589.850750009	592.601841432	118.7	1401.0
176	Spectrogram 1	1	595.025421972	596.531972037	213.7	558.0
177	Spectrogram 1	1	599.086556930	599.905334139	47.5	284.9
