Selection	View	Channel	Begin Time (s)	End Time (s)	Low Freq (Hz)	High Freq (Hz)
1	Spectrogram 1	1	59.528762254	60.154042014	85.6	244.5
2	Spectrogram 1	1	63.766769513	64.322573744	110.0	281.2
3	Spectrogram 1	1	68.120569320	68.745849080	85.6	256.8
4	Spectrogram 1	1	71.548028742	72.682795713	61.1	379.0
5	Spectrogram 1	1	76.715936856	77.364375125	61.1	232.3
6	Spectrogram 1	1	89.429958633	90.680518152	73.4	366.8
7	Spectrogram 1	1	110.169920772	110.748883513	207.9	379.0
8	Spectrogram 1	1	112.740515339	113.504746156	97.8	269.0
9	Spectrogram 1	1	127.636097317	128.585596211	110.0	342.4
