Selection	View	Channel	Begin Time (s)	End Time (s)	Low Freq (Hz)	High Freq (Hz)
1	Spectrogram 1	1	3.473777502	5.233824769	59.4	1021.0
2	Spectrogram 1	1	4.955922569	6.438067637	676.7	4238.5
3	Spectrogram 1	1	7.132823137	7.920212704	118.7	332.4
4	Spectrogram 1	1	7.179140170	9.402357772	629.2	4749.0
5	Spectrogram 1	1	9.772894038	11.486624273	641.1	4820.2
6	Spectrogram 1	1	11.718209439	13.154037473	558.0	1116.0
7	Spectrogram 1	1	14.636182541	17.600472676	83.1	712.3
8	Spectrogram 1	1	20.425811711	22.741663378	118.7	1068.5
9	Spectrogram 1	1	22.463761178	24.038540312	296.8	4915.2
10	Spectrogram 1	1	24.223808446	25.381734280	47.5	1769.0
11	Spectrogram 1	1	24.779612846	26.956513414	629.2	4879.6
12	Spectrogram 1	1	27.188098581	28.762877715	724.2	3917.9
13	Spectrogram 1	1	29.179731015	31.310314550	664.9	5033.9
14	Spectrogram 1	1	32.838776650	36.358871186	59.4	937.9
15	Spectrogram 1	1	38.350503620	40.110550887	118.7	1151.6
16	Spectrogram 1	1	40.554148332	43.101585166	581.8	6161.8
17	Spectrogram 1	1	43.703706600	45.556387934	712.3	4238.5
18	Spectrogram 1	1	46.436411568	47.640654435	688.6	4440.3
19	Spectrogram 1	1	48.381726969	50.002823137	653.0	3941.7
20	Spectrogram 1	1	51.021797870	52.272357771	653.0	4986.4
21	Spectrogram 1	1	54.449258339	59.127278708	154.3	985.4
22	Spectrogram 1	1	60.748374875	62.601056210	178.1	1353.5
23	Spectrogram 1	1	63.712665010	65.472712278	748.0	4903.3
24	Spectrogram 1	1	66.491687012	68.066466146	759.8	2540.7
25	Spectrogram 1	1	69.131757913	70.799171114	831.1	4179.1
26	Spectrogram 1	1	72.049731015	73.763461249	676.7	4606.5
27	Spectrogram 1	1	75.986678850	79.738358552	83.1	819.2
28	Spectrogram 1	1	81.452088786	83.814257487	190.0	1614.7
29	Spectrogram 1	1	84.694281121	86.037475089	759.8	3075.0
30	Spectrogram 1	1	87.456663349	88.985125450	819.2	4036.6
31	Spectrogram 1	1	90.096734250	91.949415585	795.5	4998.3
32	Spectrogram 1	1	92.922073285	94.728437586	748.0	3514.2
33	Spectrogram 1	1	96.905338154	100.657017856	95.0	795.5
34	Spectrogram 1	1	102.509699190	104.501331624	154.3	1306.0
35	Spectrogram 1	1	105.612940425	107.141402526	795.5	4570.9
36	Spectrogram 1	1	108.808815727	110.013058594	783.6	3514.2
37	Spectrogram 1	1	111.309935528	112.838397629	807.3	3680.5
38	Spectrogram 1	1	114.366859730	115.478468530	831.1	4048.5
39	Spectrogram 1	1	116.173224030	117.192198764	819.2	4036.6
40	Spectrogram 1	1	118.029397776	119.141006577	225.6	379.9
41	Spectrogram 1	1	119.604176910	123.216905512	118.7	1448.4
42	Spectrogram 1	1	125.023269813	127.200170381	190.0	1448.4
43	Spectrogram 1	1	128.172828081	130.025509416	700.5	3917.9
44	Spectrogram 1	1	130.859216016	132.619263284	712.3	3728.0
45	Spectrogram 1	1	133.916140218	135.305651218	771.7	3941.7
46	Spectrogram 1	1	136.741479252	137.899405086	807.3	3917.9
47	Spectrogram 1	1	139.891037521	143.364815023	130.6	1674.0
48	Spectrogram 1	1	145.495398557	147.579665058	166.2	1377.2
49	Spectrogram 1	1	148.922859025	150.080784859	700.5	4701.5
50	Spectrogram 1	1	151.377661793	152.072417294	676.7	2398.2
51	Spectrogram 1	1	153.954773455	155.251650389	831.1	3407.4
52	Spectrogram 1	1	156.224308089	157.613819090	771.7	4001.0
53	Spectrogram 1	1	160.022304825	163.449765293	106.9	771.7
54	Spectrogram 1	1	165.209812561	167.479347195	166.2	1377.2
55	Spectrogram 1	1	168.683590063	170.953124697	59.4	1365.3
56	Spectrogram 1	1	171.879465364	174.056365932	95.0	1317.8
57	Spectrogram 1	1	174.797438466	177.020656067	166.2	1590.9
58	Spectrogram 1	1	177.483826400	178.549118168	118.7	1294.1
59	Spectrogram 1	1	179.012288501	180.726018735	83.1	1662.1
60	Spectrogram 1	1	181.189189069	182.486066003	71.2	1329.7
61	Spectrogram 1	1	183.921894037	187.210403406	95.0	795.5
62	Spectrogram 1	1	189.176790449	191.307373984	178.1	1187.2
63	Spectrogram 1	1	192.974787185	195.429589953	118.7	1222.9
64	Spectrogram 1	1	196.726466887	199.042318555	118.7	1104.1
65	Spectrogram 1	1	199.644439988	202.052925723	83.1	1021.0
66	Spectrogram 1	1	201.913974623	203.164534523	688.6	1828.4
67	Spectrogram 1	1	203.674021890	205.109849924	106.9	1282.2
68	Spectrogram 1	1	204.831947724	205.943556525	676.7	2077.7
69	Spectrogram 1	1	206.499360925	208.027823026	71.2	4392.8
70	Spectrogram 1	1	210.389991727	213.261647795	106.9	961.7
71	Spectrogram 1	1	216.642791230	219.468130265	106.9	1068.5
72	Spectrogram 1	1	219.004959932	220.209202799	688.6	3443.0
73	Spectrogram 1	1	220.933432098	223.156649699	95.0	3906.0
74	Spectrogram 1	1	223.805088166	225.333550267	664.9	5770.0
75	Spectrogram 1	1	227.556767868	230.289472836	95.0	926.1
76	Spectrogram 1	1	233.531665171	236.403321239	130.6	1068.5
77	Spectrogram 1	1	235.986467939	237.283344873	581.8	3300.5
78	Spectrogram 1	1	237.561247073	238.626538840	154.3	1507.8
79	Spectrogram 1	1	238.626538840	241.915048209	617.4	6446.7
80	Spectrogram 1	1	243.443510309	246.268849344	106.9	854.8
81	Spectrogram 1	1	249.042780035	252.701825670	71.2	1139.8
82	Spectrogram 1	1	252.331289403	253.396581171	664.9	3989.1
83	Spectrogram 1	1	253.906068538	255.249262505	59.4	1294.1
84	Spectrogram 1	1	254.600824038	256.546139439	605.5	6518.0
85	Spectrogram 1	1	256.870358672	258.723040007	724.2	6707.9
86	Spectrogram 1	1	260.344136174	263.678962576	106.9	546.1
87	Spectrogram 1	1	266.967471944	270.441249446	83.1	1080.4
88	Spectrogram 1	1	271.413907147	273.220271448	83.1	1377.2
89	Spectrogram 1	1	272.618150014	273.683441781	2315.1	3478.6
90	Spectrogram 1	1	274.470831348	275.767708282	71.2	4131.6
91	Spectrogram 1	1	276.045610482	277.064585216	1377.2	6019.3
92	Spectrogram 1	1	277.157219283	278.500413250	641.1	5390.1
93	Spectrogram 1	1	278.593047317	279.843607218	1306.0	5983.7
94	Spectrogram 1	1	280.630996785	282.483678119	71.2	4179.1
95	Spectrogram 1	1	283.734238020	286.096406721	95.0	1116.0
96	Spectrogram 1	1	289.411844232	291.542427767	95.0	997.3
97	Spectrogram 1	1	292.931938768	294.043547568	130.6	3989.1
98	Spectrogram 1	1	295.294107469	296.220448136	118.7	5318.9
99	Spectrogram 1	1	298.153424005	298.677441419	95.0	5093.3
100	Spectrogram 1	1	298.841196861	299.430716451	47.5	6031.2
101	Spectrogram 1	1	299.561720805	300.249493661	95.0	5117.0
102	Spectrogram 1	1	300.478751279	301.264777400	2030.2	4749.0
103	Spectrogram 1	1	300.609755633	301.002768693	83.1	379.9
104	Spectrogram 1	1	302.411065493	302.967833996	2481.3	4677.8
105	Spectrogram 1	1	303.426349233	303.852113382	2077.7	5128.9
106	Spectrogram 1	1	306.144689568	307.618488544	201.8	451.2
107	Spectrogram 1	1	310.500584321	312.105387651	178.1	439.3
108	Spectrogram 1	1	319.830281633	320.387050136	451.2	4677.8
109	Spectrogram 1	1	326.446001484	327.690542842	213.7	510.5
110	Spectrogram 1	1	349.352233989	350.629526436	225.6	558.0
111	Spectrogram 1	1	353.315115682	354.788914659	166.2	546.1
112	Spectrogram 1	1	370.542188166	371.983236054	166.2	664.9
113	Spectrogram 1	1	412.416990724	413.825287524	225.6	486.8
114	Spectrogram 1	1	416.936640919	418.213933366	213.7	486.8
115	Spectrogram 1	1	426.104176470	427.119460210	332.4	4226.6
116	Spectrogram 1	1	429.968804898	430.623826665	344.3	3134.3
117	Spectrogram 1	1	433.604175707	434.259197475	427.4	2683.2
118	Spectrogram 1	1	436.388018219	437.305048693	320.6	1306.0
119	Spectrogram 1	1	439.564873791	440.023389028	1780.9	2790.0
120	Spectrogram 1	1	441.136926033	442.217711949	664.9	3787.3
121	Spectrogram 1	1	449.553955744	450.339981865	356.2	4167.2
122	Spectrogram 1	1	452.979787787	454.191578057	213.7	2623.8
123	Spectrogram 1	1	456.222145536	457.171927099	249.3	2148.9
124	Spectrogram 1	1	459.235245666	459.923018522	237.4	878.6
125	Spectrogram 1	1	464.016904568	464.933935043	569.9	3134.3
126	Spectrogram 1	1	468.797686739	469.649215036	308.7	3063.1
127	Spectrogram 1	1	471.778035780	472.891572785	249.3	3075.0
128	Spectrogram 1	1	474.594629380	475.478908766	142.5	2433.9
129	Spectrogram 1	1	476.788952301	477.935240394	201.8	2813.8
130	Spectrogram 1	1	479.834803520	482.225632971	273.1	4369.1
131	Spectrogram 1	1	484.550960245	485.992008134	249.3	2991.9
132	Spectrogram 1	1	488.481090850	489.529125678	178.1	2968.1
133	Spectrogram 1	1	491.264933361	492.149212748	201.8	688.6
134	Spectrogram 1	1	493.213219503	494.523263038	166.2	1056.6
135	Spectrogram 1	1	495.571297866	496.455577252	154.3	866.7
136	Spectrogram 1	1	497.176101196	498.060380582	154.3	1163.5
137	Spectrogram 1	1	500.025445884	502.252519894	154.3	2089.6
138	Spectrogram 1	1	504.872606963	506.280903763	130.6	1507.8
139	Spectrogram 1	1	508.737235391	509.752519131	142.5	653.0
140	Spectrogram 1	1	511.391089279	512.406373018	118.7	2113.3
141	Spectrogram 1	1	513.519910023	514.338687232	130.6	1697.8
142	Spectrogram 1	1	515.288468795	516.303752535	154.3	1614.7
143	Spectrogram 1	1	516.991525390	517.777551511	95.0	1211.0
144	Spectrogram 1	1	520.233883139	522.264450618	118.7	1507.8
145	Spectrogram 1	1	524.819035511	526.685847548	190.0	973.5
146	Spectrogram 1	1	541.000035127	542.637589545	154.3	1127.9
147	Spectrogram 1	1	545.355929880	546.960733210	225.6	546.1
148	Spectrogram 1	1	549.973864841	550.727139874	83.1	249.3
149	Spectrogram 1	1	553.052467148	553.576484562	142.5	439.3
150	Spectrogram 1	1	561.829758832	563.631068692	273.1	1199.1
151	Spectrogram 1	1	566.349409027	567.855959092	249.3	985.4
152	Spectrogram 1	1	574.174187953	574.796458632	142.5	225.6
153	Spectrogram 1	1	576.204755432	576.859777199	118.7	225.6
154	Spectrogram 1	1	581.150169776	583.049732901	95.0	1234.7
155	Spectrogram 1	1	585.637068883	587.503880920	142.5	605.5
156	Spectrogram 1	1	590.287723432	591.139251729	95.0	308.7
157	Spectrogram 1	1	593.392560709	594.178586830	95.0	249.3
158	Spectrogram 1	1	595.848892337	596.602167369	106.9	261.2
