Selection	View	Channel	Begin Time (s)	End Time (s)	Low Freq (Hz)	High Freq (Hz)
1	Spectrogram 1	1	0.602121434	1.343193967	84.2	372.9
2	Spectrogram 1	1	1.621096168	2.871656068	72.2	312.8
3	Spectrogram 1	1	3.381143435	4.539069269	60.1	312.8
4	Spectrogram 1	1	5.372775869	6.715969837	60.1	397.0
5	Spectrogram 1	1	7.179140170	8.151797871	60.1	192.5
6	Spectrogram 1	1	10.977136906	12.737184173	156.4	769.9
7	Spectrogram 1	1	15.330938041	16.813083109	120.3	493.2
8	Spectrogram 1	1	19.406836977	20.425811711	72.2	312.8
9	Spectrogram 1	1	22.093224911	22.649029312	60.1	264.6
10	Spectrogram 1	1	23.065882612	23.992223279	60.1	324.8
11	Spectrogram 1	1	24.640661746	26.308074947	48.1	264.6
12	Spectrogram 1	1	26.956513414	28.392341448	48.1	276.7
13	Spectrogram 1	1	29.040779915	29.874486516	48.1	216.5
14	Spectrogram 1	1	32.653508517	34.645140951	156.4	818.0
15	Spectrogram 1	1	36.544139319	38.257869553	204.5	505.2
16	Spectrogram 1	1	40.533827282	41.645436082	120.3	384.9
17	Spectrogram 1	1	43.405483350	44.609726217	60.1	264.6
18	Spectrogram 1	1	44.933945451	46.045554251	60.1	252.6
19	Spectrogram 1	1	46.879260852	48.222454819	72.2	312.8
20	Spectrogram 1	1	48.824576253	50.445672420	48.1	264.6
21	Spectrogram 1	1	50.955159787	52.298353755	72.2	336.8
22	Spectrogram 1	1	55.031058723	56.837423024	120.3	866.1
23	Spectrogram 1	1	59.338542825	60.450151626	216.5	445.1
24	Spectrogram 1	1	62.997588460	64.016563194	36.1	228.6
25	Spectrogram 1	1	65.915561562	67.027170362	72.2	397.0
26	Spectrogram 1	1	67.907193996	69.574607197	72.2	312.8
27	Spectrogram 1	1	70.361996764	71.242020398	60.1	288.7
28	Spectrogram 1	1	75.271602300	76.892698467	168.4	769.9
29	Spectrogram 1	1	79.393818269	80.644378169	216.5	421.0
30	Spectrogram 1	1	82.960229837	84.257106771	36.1	252.6
31	Spectrogram 1	1	86.035486296	87.193412130	84.2	312.8
32	Spectrogram 1	1	88.351337964	89.555580831	96.2	228.6
33	Spectrogram 1	1	90.250336332	91.361945132	24.1	156.4
34	Spectrogram 1	1	94.187284167	95.993648468	156.4	781.9
35	Spectrogram 1	1	98.077914969	99.467425970	168.4	469.1
36	Spectrogram 1	1	101.459058404	102.431716105	108.3	264.6
37	Spectrogram 1	1	104.654933706	105.720225473	72.2	264.6
38	Spectrogram 1	1	106.646566140	107.295004607	108.3	216.5
39	Spectrogram 1	1	107.804491974	108.916100775	48.1	168.4
40	Spectrogram 1	1	111.741439810	113.640438177	120.3	769.9
41	Spectrogram 1	1	116.141557979	117.345800846	192.5	433.1
42	Spectrogram 1	1	119.668073175	120.640730876	72.2	300.7
43	Spectrogram 1	1	122.771314410	124.021874311	72.2	240.6
44	Spectrogram 1	1	124.716629811	125.874555645	24.1	372.9
45	Spectrogram 1	1	126.384043012	127.171432579	24.1	120.3
46	Spectrogram 1	1	129.996771614	131.849452948	144.4	781.9
47	Spectrogram 1	1	133.887402416	135.415864517	180.4	505.2
48	Spectrogram 1	1	137.453813984	138.519105752	84.2	252.6
49	Spectrogram 1	1	140.418104119	141.344444786	96.2	264.6
50	Spectrogram 1	1	143.058175021	144.262417888	72.2	216.5
51	Spectrogram 1	1	144.910856355	146.161416256	24.1	84.2
52	Spectrogram 1	1	148.894121224	150.422583325	144.4	757.9
53	Spectrogram 1	1	152.831069059	153.942677860	144.4	457.1
54	Spectrogram 1	1	156.165895461	156.860650961	72.2	312.8
55	Spectrogram 1	1	158.111210862	158.620698229	48.1	252.6
56	Spectrogram 1	1	159.203249206	160.175906906	84.2	264.6
57	Spectrogram 1	1	160.824345373	162.028588241	48.1	288.7
58	Spectrogram 1	1	162.399124507	163.649684408	24.1	132.3
59	Spectrogram 1	1	166.660291576	168.096119610	156.4	769.9
60	Spectrogram 1	1	170.319337212	172.125701512	180.4	505.2
61	Spectrogram 1	1	174.163650980	175.136308681	24.1	240.6
62	Spectrogram 1	1	177.266892215	178.378501016	48.1	240.6
63	Spectrogram 1	1	179.351158716	180.277499383	36.1	324.8
64	Spectrogram 1	1	180.925937850	181.944912584	12.0	168.4
65	Spectrogram 1	1	184.909202719	186.576615920	120.3	842.1
66	Spectrogram 1	1	188.846150555	190.374612655	192.5	457.1
67	Spectrogram 1	1	192.589972800	193.608947534	72.2	276.7
68	Spectrogram 1	1	195.646897002	196.897456902	96.2	240.6
69	Spectrogram 1	1	197.731163503	198.842772303	96.2	276.7
70	Spectrogram 1	1	199.444893737	200.185966271	36.1	156.4
71	Spectrogram 1	1	203.381841573	205.141888840	132.3	757.9
72	Spectrogram 1	1	207.040887208	208.337764142	204.5	457.1
73	Spectrogram 1	1	210.746249876	211.626273510	120.3	397.0
74	Spectrogram 1	1	213.988442211	215.146368045	108.3	348.9
75	Spectrogram 1	1	215.980074646	217.369585646	84.2	264.6
76	Spectrogram 1	1	221.908654915	223.715019216	156.4	793.9
77	Spectrogram 1	1	225.938236818	227.281430785	156.4	445.1
78	Spectrogram 1	1	229.504648386	230.616257187	108.3	372.9
79	Spectrogram 1	1	232.793157754	233.765815455	96.2	372.9
80	Spectrogram 1	1	234.599522055	235.896398989	96.2	312.8
81	Spectrogram 1	1	236.683788556	237.193275923	48.1	204.5
82	Spectrogram 1	1	240.060012516	242.190596051	120.3	781.9
83	Spectrogram 1	1	244.274862552	246.081226853	108.3	505.2
84	Spectrogram 1	1	248.258127421	249.277102155	72.2	240.6
85	Spectrogram 1	1	251.176100522	252.334026356	72.2	216.5
86	Spectrogram 1	1	253.306684057	254.557243957	60.1	240.6
87	Spectrogram 1	1	255.298316491	256.085706058	12.0	156.4
88	Spectrogram 1	1	259.096313226	260.902677527	144.4	769.9
89	Spectrogram 1	1	263.079578095	264.376455029	204.5	457.1
90	Spectrogram 1	1	266.692306697	267.711281431	72.2	372.9
91	Spectrogram 1	1	269.795547932	270.999790799	120.3	264.6
92	Spectrogram 1	1	272.250350700	273.176691367	108.3	240.6
93	Spectrogram 1	1	273.964080934	274.519885334	36.1	168.4
94	Spectrogram 1	1	277.715760636	279.661076037	132.3	793.9
95	Spectrogram 1	1	281.957538815	283.347049815	156.4	457.1
96	Spectrogram 1	1	285.523950383	286.635559184	72.2	240.6
97	Spectrogram 1	1	288.858776785	289.738800419	96.2	228.6
98	Spectrogram 1	1	290.804092186	291.869383953	72.2	348.9
99	Spectrogram 1	1	292.425188353	293.305211987	24.1	156.4
100	Spectrogram 1	1	296.454770255	298.029549390	132.3	793.9
101	Spectrogram 1	1	300.530669191	301.688595025	204.5	481.2
102	Spectrogram 1	1	303.958129659	305.255006593	72.2	553.4
103	Spectrogram 1	1	306.366615394	307.107687928	84.2	264.6
104	Spectrogram 1	1	307.478224195	308.543515962	72.2	336.8
105	Spectrogram 1	1	309.562490696	310.674099496	48.1	360.9
106	Spectrogram 1	1	311.137269830	312.295195664	12.0	96.2
107	Spectrogram 1	1	315.259485799	316.973216033	156.4	793.9
108	Spectrogram 1	1	319.103799567	320.493310568	108.3	517.3
109	Spectrogram 1	1	322.762845202	323.920771036	84.2	288.7
110	Spectrogram 1	1	326.196927361	327.215902095	36.1	384.9
111	Spectrogram 1	1	328.142242762	329.253851562	96.2	228.6
112	Spectrogram 1	1	333.885554898	335.738236232	96.2	878.1
113	Spectrogram 1	1	337.637234600	339.304647801	132.3	445.1
114	Spectrogram 1	1	341.574182435	342.639474203	72.2	397.0
115	Spectrogram 1	1	344.770057737	345.835349504	84.2	384.9
116	Spectrogram 1	1	346.854324238	347.780664905	84.2	372.9
117	Spectrogram 1	1	352.597636374	354.404000675	144.4	818.0
118	Spectrogram 1	1	356.488267176	358.109363344	120.3	457.1
119	Spectrogram 1	1	360.255142559	361.366751360	36.1	252.6
120	Spectrogram 1	1	363.451017861	364.516309628	96.2	336.8
121	Spectrogram 1	1	365.488967329	366.461625029	72.2	348.9
122	Spectrogram 1	1	366.971112396	367.758501963	108.3	216.5
123	Spectrogram 1	1	368.406940430	369.194329997	24.1	144.4
124	Spectrogram 1	1	371.741766832	373.548131133	72.2	769.9
125	Spectrogram 1	1	375.817665767	377.207176768	168.4	445.1
126	Spectrogram 1	1	379.494511124	380.467168825	72.2	240.6
127	Spectrogram 1	1	382.736703459	383.663044127	72.2	252.6
128	Spectrogram 1	1	384.913604027	386.025212828	84.2	276.7
129	Spectrogram 1	1	386.442066128	387.183138662	60.1	240.6
130	Spectrogram 1	1	387.368406795	388.804234829	84.2	252.6
131	Spectrogram 1	1	391.259037597	392.833816731	168.4	757.9
132	Spectrogram 1	1	395.242302466	396.817081600	204.5	445.1
133	Spectrogram 1	1	399.271884368	400.059273935	84.2	264.6
134	Spectrogram 1	1	401.356150869	402.004589336	84.2	240.6
135	Spectrogram 1	1	402.375125603	403.579368470	60.1	300.7
136	Spectrogram 1	1	404.737294304	405.663634971	60.1	409.0
137	Spectrogram 1	1	406.219439372	407.655267406	48.1	252.6
138	Spectrogram 1	1	408.164754773	409.230046540	60.1	288.7
139	Spectrogram 1	1	412.101702608	413.861749876	108.3	649.6
140	Spectrogram 1	1	415.853382310	417.335527377	168.4	433.1
141	Spectrogram 1	1	419.814330038	420.833304772	48.1	252.6
142	Spectrogram 1	1	422.824937207	423.704960840	84.2	336.8
143	Spectrogram 1	1	424.399716341	425.835544375	48.1	240.6
144	Spectrogram 1	1	426.252397675	427.410323509	84.2	252.6
145	Spectrogram 1	1	427.919810876	429.494590010	72.2	204.5
146	Spectrogram 1	1	432.088343878	433.802074112	144.4	806.0
147	Spectrogram 1	1	436.117925780	437.507436781	180.4	457.1
148	Spectrogram 1	1	440.054873616	441.166482416	48.1	445.1
149	Spectrogram 1	1	442.833895617	443.852870351	36.1	397.0
150	Spectrogram 1	1	444.501308818	445.751868718	72.2	457.1
151	Spectrogram 1	1	446.353990152	447.372964886	96.2	384.9
152	Spectrogram 1	1	447.882452253	449.318280287	72.2	264.6
153	Spectrogram 1	1	452.050985255	453.949983623	132.3	577.4
154	Spectrogram 1	1	456.126884191	457.423761125	204.5	457.1
155	Spectrogram 1	1	459.870505408	461.121065309	36.1	397.0
156	Spectrogram 1	1	462.881112576	463.761136210	96.2	421.0
157	Spectrogram 1	1	464.502208744	465.845402711	60.1	276.7
158	Spectrogram 1	1	466.354890078	467.188596678	96.2	264.6
159	Spectrogram 1	1	467.837035145	469.874984613	48.1	372.9
160	Spectrogram 1	1	470.060252747	471.171861547	60.1	372.9
161	Spectrogram 1	1	473.719298382	475.803564883	156.4	745.8
162	Spectrogram 1	1	478.212050617	479.555244585	204.5	421.0
163	Spectrogram 1	1	481.871096253	482.936388020	96.2	433.1
164	Spectrogram 1	1	484.881703421	485.854361121	72.2	397.0
165	Spectrogram 1	1	486.317531455	487.892310589	48.1	336.8
166	Spectrogram 1	1	488.262846856	489.328138623	96.2	288.7
167	Spectrogram 1	1	489.930260057	491.319771058	96.2	264.6
168	Spectrogram 1	1	492.060843591	492.709282058	48.1	168.4
169	Spectrogram 1	1	495.256718893	497.063083194	144.4	781.9
170	Spectrogram 1	1	499.689621705	500.893864573	120.3	469.1
171	Spectrogram 1	1	503.302350307	504.413959108	72.2	264.6
172	Spectrogram 1	1	506.127689342	507.378249243	108.3	216.5
173	Spectrogram 1	1	508.165638810	509.647783877	72.2	276.7
174	Spectrogram 1	1	510.064637177	511.083611911	72.2	204.5
175	Spectrogram 1	1	511.500465211	512.936293246	36.1	240.6
176	Spectrogram 1	1	513.306829512	514.650023480	36.1	144.4
177	Spectrogram 1	1	516.826924048	518.818556482	120.3	577.4
178	Spectrogram 1	1	520.949140016	522.246016950	168.4	457.1
179	Spectrogram 1	1	524.793453785	525.812428519	108.3	421.0
180	Spectrogram 1	1	527.711426887	528.730401620	108.3	384.9
181	Spectrogram 1	1	529.471474154	530.953619222	60.1	288.7
182	Spectrogram 1	1	531.416789555	532.574715389	96.2	240.6
183	Spectrogram 1	1	533.362104956	534.566347823	72.2	276.7
184	Spectrogram 1	1	537.345369825	539.105417092	168.4	781.9
185	Spectrogram 1	1	541.513902827	542.996047894	144.4	481.2
186	Spectrogram 1	1	545.170785402	546.328711236	84.2	397.0
187	Spectrogram 1	1	548.274026637	549.339318404	60.1	336.8
188	Spectrogram 1	1	550.219342038	551.747804138	72.2	324.8
189	Spectrogram 1	1	552.164657439	553.368900306	36.1	348.9
190	Spectrogram 1	1	553.924704706	555.082630540	60.1	192.5
191	Spectrogram 1	1	557.120580008	559.251163542	132.3	553.4
192	Spectrogram 1	1	561.428064110	563.419696545	72.2	228.6
193	Spectrogram 1	1	565.365011946	566.522937779	72.2	216.5
194	Spectrogram 1	1	572.544152116	574.165248283	96.2	589.4
195	Spectrogram 1	1	577.436914417	579.382229818	72.2	252.6
196	Spectrogram 1	1	579.058010584	579.752766085	685.7	806.0
197	Spectrogram 1	1	580.957008952	582.022300719	84.2	204.5
198	Spectrogram 1	1	581.605447419	582.856007320	673.6	902.2
199	Spectrogram 1	1	587.950880989	589.618294190	108.3	709.7
200	Spectrogram 1	1	593.277339825	594.805801926	84.2	264.6
201	Spectrogram 1	1	596.519532160	597.584823927	72.2	228.6
202	Spectrogram 1	1	597.353238761	598.001677228	637.6	806.0
