Selection	View	Channel	Begin Time (s)	End Time (s)	Low Freq (Hz)	High Freq (Hz)
1	Spectrogram 1	1	7.892907115	8.809925369	284.9	510.5
2	Spectrogram 1	1	22.794453743	23.907975909	368.0	510.5
3	Spectrogram 1	1	57.761391408	59.005916182	142.5	558.0
4	Spectrogram 1	1	62.117228115	63.230750281	190.0	356.2
5	Spectrogram 1	1	75.610496710	76.855021483	308.7	558.0
6	Spectrogram 1	1	106.765875999	107.977650120	344.3	581.8
7	Spectrogram 1	1	122.715443489	124.287474782	320.6	498.6
8	Spectrogram 1	1	127.595290627	128.839815400	201.8	344.3
9	Spectrogram 1	1	138.145390012	139.520917393	71.2	534.3
