Selection	View	Channel	Begin Time (s)	End Time (s)	Low Freq (Hz)	High Freq (Hz)
1	Spectrogram 1	1	0.648438467	3.010607168	142.5	1424.7
2	Spectrogram 1	1	5.233824769	6.854920937	178.1	1068.5
3	Spectrogram 1	1	9.541308872	10.838185806	71.2	308.7
4	Spectrogram 1	1	12.783501207	13.941427041	83.1	273.1
5	Spectrogram 1	1	14.775133641	15.886742442	71.2	296.8
6	Spectrogram 1	1	16.720449042	17.971008943	95.0	201.8
7	Spectrogram 1	1	21.861639745	23.945906246	368.0	1151.6
8	Spectrogram 1	1	26.354391980	28.021805181	130.6	1377.2
9	Spectrogram 1	1	30.291339816	31.680850816	47.5	1353.5
10	Spectrogram 1	1	33.440898084	34.459872818	83.1	403.7
11	Spectrogram 1	1	35.895700852	36.312554152	819.2	3561.7
12	Spectrogram 1	1	38.582088787	39.415795387	653.0	1567.2
13	Spectrogram 1	1	40.156867921	40.805306388	653.0	1911.5
14	Spectrogram 1	1	41.731647055	42.102183322	605.5	2742.5
15	Spectrogram 1	1	45.992814124	47.891812492	95.0	1306.0
16	Spectrogram 1	1	51.511153052	53.085932186	83.1	3181.8
17	Spectrogram 1	1	54.984930554	55.540734954	59.4	3158.1
18	Spectrogram 1	1	57.208148155	57.949220689	71.2	2932.5
19	Spectrogram 1	1	60.033487190	60.542974557	71.2	2481.3
20	Spectrogram 1	1	64.248337226	66.193652627	118.7	1246.6
21	Spectrogram 1	1	70.037966395	71.010624096	71.2	296.8
22	Spectrogram 1	1	73.372792797	74.067548297	71.2	3288.7
23	Spectrogram 1	1	75.410742265	76.059180732	47.5	225.6
24	Spectrogram 1	1	77.680276899	78.282398333	83.1	201.8
25	Spectrogram 1	1	79.903494500	80.598250001	59.4	237.4
26	Spectrogram 1	1	80.737201101	81.246688468	83.1	225.6
27	Spectrogram 1	1	81.848809901	82.404614302	95.0	356.2
28	Spectrogram 1	1	85.785757737	87.314219837	130.6	486.8
29	Spectrogram 1	1	90.324827006	91.945923173	154.3	486.8
30	Spectrogram 1	1	94.198997168	94.754801568	106.9	237.4
31	Spectrogram 1	1	95.356923002	96.097995535	95.0	178.1
32	Spectrogram 1	1	96.190629602	96.746434002	154.3	332.4
33	Spectrogram 1	1	106.519328041	107.677253875	237.4	546.1
34	Spectrogram 1	1	111.104714343	112.447908310	249.3	546.1
35	Spectrogram 1	1	127.130407885	128.056748552	308.7	510.5
36	Spectrogram 1	1	132.040013421	132.966354088	154.3	569.9
37	Spectrogram 1	1	148.243137101	149.586331069	237.4	486.8
38	Spectrogram 1	1	297.493879607	298.096001041	356.2	2588.2
39	Spectrogram 1	1	300.689754909	301.801363709	320.6	1139.8
40	Spectrogram 1	1	304.070898344	304.997239011	332.4	1056.6
41	Spectrogram 1	1	334.733730914	335.891656747	474.9	937.9
42	Spectrogram 1	1	338.948580949	339.689653483	356.2	1329.7
43	Spectrogram 1	1	341.773919984	342.746577684	320.6	973.5
44	Spectrogram 1	1	344.599259019	345.155063419	213.7	937.9
45	Spectrogram 1	1	348.165670587	349.416230488	474.9	1056.6
46	Spectrogram 1	1	352.056301389	353.167910190	510.5	1222.9
47	Spectrogram 1	1	355.854298124	356.965906925	261.2	831.1
48	Spectrogram 1	1	359.096490460	359.930197060	284.9	926.1
49	Spectrogram 1	1	361.736561361	362.709219061	201.8	890.4
50	Spectrogram 1	1	363.867144895	364.839802596	225.6	771.7
51	Spectrogram 1	1	366.635180162	369.414202164	356.2	3122.5
52	Spectrogram 1	1	371.035298331	373.026930765	249.3	2279.5
53	Spectrogram 1	1	375.250148367	376.130172000	201.8	593.6
54	Spectrogram 1	1	378.075487401	379.048145102	213.7	641.1
55	Spectrogram 1	1	380.067119836	381.363996770	201.8	1282.2
56	Spectrogram 1	1	382.521922604	383.170361071	166.2	1234.7
57	Spectrogram 1	1	383.865116571	384.976725372	166.2	1116.0
58	Spectrogram 1	1	386.242309118	388.975014086	237.4	2588.2
59	Spectrogram 1	1	391.290865754	393.143547088	225.6	2695.0
60	Spectrogram 1	1	395.181496556	396.432056456	154.3	2422.0
61	Spectrogram 1	1	397.775250424	399.211078458	106.9	1306.0
62	Spectrogram 1	1	399.859516925	401.156393859	130.6	1282.2
63	Spectrogram 1	1	401.712198259	402.916441126	106.9	973.5
64	Spectrogram 1	1	405.047024661	407.826046662	95.0	807.3
65	Spectrogram 1	1	409.771362063	411.948262631	237.4	1377.2
66	Spectrogram 1	1	414.033103024	415.098394791	118.7	344.3
67	Spectrogram 1	1	416.904759092	418.340587126	95.0	332.4
68	Spectrogram 1	1	419.035342627	420.285902527	71.2	1341.6
69	Spectrogram 1	1	420.702755828	422.045949795	71.2	1412.8
70	Spectrogram 1	1	424.500752563	426.121848730	142.5	558.0
71	Spectrogram 1	1	425.890263564	427.696627865	273.1	759.8
72	Spectrogram 1	1	428.484017432	430.985137233	154.3	1424.7
73	Spectrogram 1	1	432.745184501	434.181012535	106.9	1116.0
74	Spectrogram 1	1	435.802108702	436.913717503	83.1	926.1
75	Spectrogram 1	1	437.793741137	439.090618071	118.7	1092.3
76	Spectrogram 1	1	439.600105437	440.804348305	83.1	1068.5
77	Spectrogram 1	1	442.795980739	445.806587907	130.6	653.0
78	Spectrogram 1	1	447.149781875	449.882486843	118.7	1436.6
79	Spectrogram 1	1	450.453467462	451.750344396	118.7	1662.1
80	Spectrogram 1	1	452.491416930	454.158830131	106.9	4808.3
81	Spectrogram 1	1	454.622000464	456.335730698	142.5	5057.7
82	Spectrogram 1	1	458.142094999	460.643214801	118.7	522.4
83	Spectrogram 1	1	466.108624737	467.451818704	641.1	3348.0
84	Spectrogram 1	1	468.146574205	470.091889606	605.5	4689.6
85	Spectrogram 1	1	470.508742906	472.315107207	605.5	6351.8
86	Spectrogram 1	1	474.492007775	477.132078676	118.7	534.3
87	Spectrogram 1	1	480.994383464	482.754430731	712.3	1104.1
88	Spectrogram 1	1	483.495503265	485.209233499	688.6	4713.4
89	Spectrogram 1	1	485.950306033	487.802987367	569.9	4938.9
90	Spectrogram 1	1	488.127206601	489.377766501	2849.4	4119.7
91	Spectrogram 1	1	491.739935203	494.009469837	308.7	510.5
92	Spectrogram 1	1	501.049658908	502.624438042	629.2	3383.7
93	Spectrogram 1	1	503.226559475	505.310825976	688.6	4879.6
94	Spectrogram 1	1	505.866630377	507.626677644	522.4	4962.7
95	Spectrogram 1	1	509.386724912	512.119429880	142.5	558.0
96	Spectrogram 1	1	515.871874771	517.678239072	617.4	973.5
97	Spectrogram 1	1	517.909824239	519.160384140	688.6	4060.4
98	Spectrogram 1	1	520.318309974	522.217308341	617.4	5022.1
99	Spectrogram 1	1	522.541527575	524.116306709	593.6	5829.4
100	Spectrogram 1	1	526.293207277	528.331156745	106.9	700.5
101	Spectrogram 1	1	537.038759016	538.381952983	641.1	3490.5
102	Spectrogram 1	1	538.984074417	540.605170584	676.7	7111.6
103	Spectrogram 1	1	543.893679953	546.487433821	95.0	439.3
104	Spectrogram 1	1	553.224284003	554.613795004	629.2	7159.1
105	Spectrogram 1	1	556.003306005	557.531768105	724.2	6387.4
106	Spectrogram 1	1	557.855987339	559.338132406	664.9	5651.3
107	Spectrogram 1	1	562.117154408	566.285687410	142.5	1116.0
108	Spectrogram 1	1	567.767832477	569.666830845	190.0	1222.9
109	Spectrogram 1	1	570.639488545	572.167950646	641.1	2600.1
110	Spectrogram 1	1	573.557461647	574.715387481	688.6	4784.6
111	Spectrogram 1	1	576.058581448	577.262824316	748.0	5010.2
112	Spectrogram 1	1	578.374433116	579.671310050	759.8	5033.9
113	Spectrogram 1	1	580.875552917	582.126112818	700.5	4950.8
114	Spectrogram 1	1	584.441964486	587.591522754	118.7	1021.0
115	Spectrogram 1	1	589.829764201	591.821396635	213.7	1139.8
116	Spectrogram 1	1	593.257224669	594.183565336	676.7	1187.2
117	Spectrogram 1	1	595.850978537	597.147855471	961.7	3478.6
118	Spectrogram 1	1	598.861585705	599.695292306	878.6	3098.7
