Selection	View	Channel	Begin Time (s)	End Time (s)	Low Freq (Hz)	High Freq (Hz)
1	Spectrogram 1	1	0.360261972	1.113537005	605.5	831.1
2	Spectrogram 1	1	2.947597953	6.582968763	71.2	510.5
3	Spectrogram 1	1	5.927946995	6.910479646	842.9	1056.6
4	Spectrogram 1	1	8.384278623	11.528383107	261.2	748.0
5	Spectrogram 1	1	11.986898344	13.460697321	581.8	902.3
6	Spectrogram 1	1	17.489081190	20.240172614	35.6	391.8
7	Spectrogram 1	1	22.565499888	24.694320632	178.1	724.2
8	Spectrogram 1	1	31.540299582	34.880910596	59.4	451.2
9	Spectrogram 1	1	36.682220456	38.909294466	225.6	937.9
10	Spectrogram 1	1	42.118901126	42.937678335	617.4	771.7
11	Spectrogram 1	1	42.315407656	43.068682689	1282.2	1484.1
12	Spectrogram 1	1	46.147284996	48.800123154	35.6	391.8
13	Spectrogram 1	1	50.994446075	53.188768996	213.7	748.0
14	Spectrogram 1	1	59.714749910	62.269334803	83.1	368.0
15	Spectrogram 1	1	64.463657724	66.395971938	178.1	759.8
16	Spectrogram 1	1	74.059726617	76.516058245	35.6	379.9
17	Spectrogram 1	1	78.841385519	80.871952998	213.7	569.9
18	Spectrogram 1	1	82.313000887	83.328284626	1389.1	1638.4
19	Spectrogram 1	1	88.096920792	90.848012215	23.7	403.7
20	Spectrogram 1	1	93.402597108	95.465915675	142.5	451.2
21	Spectrogram 1	1	102.507399675	105.520499805	47.5	379.9
22	Spectrogram 1	1	107.485565108	109.417879322	213.7	451.2
23	Spectrogram 1	1	108.697355378	109.221372791	558.0	688.6
24	Spectrogram 1	1	110.760673945	112.529232717	558.0	748.0
25	Spectrogram 1	1	111.108849912	111.796622768	1911.5	2042.1
26	Spectrogram 1	1	113.204919568	114.482212014	546.1	736.1
27	Spectrogram 1	1	116.840290377	119.558630712	35.6	368.0
28	Spectrogram 1	1	121.883957986	123.947276553	225.6	759.8
29	Spectrogram 1	1	125.060813558	126.632865800	534.3	783.6
30	Spectrogram 1	1	125.486577707	126.370857093	1864.0	2053.9
31	Spectrogram 1	1	127.680900628	128.532428925	1947.1	2089.6
32	Spectrogram 1	1	127.844656070	129.023695251	629.2	795.5
33	Spectrogram 1	1	131.283520349	134.132865037	35.6	474.9
34	Spectrogram 1	1	136.221541843	138.415864764	178.1	759.8
35	Spectrogram 1	1	145.457348764	148.077435833	71.2	356.2
36	Spectrogram 1	1	150.271758754	152.564334940	201.8	724.2
37	Spectrogram 1	1	157.902762345	159.180054791	261.2	510.5
38	Spectrogram 1	1	159.474814587	162.094901656	47.5	356.2
39	Spectrogram 1	1	164.485731107	166.516298586	154.3	463.0
40	Spectrogram 1	1	173.645823309	176.855429969	47.5	356.2
41	Spectrogram 1	1	177.313945206	178.427482211	320.6	534.3
42	Spectrogram 1	1	179.017001802	181.473333429	225.6	795.5
43	Spectrogram 1	1	186.385996685	191.560668648	106.9	439.3
44	Spectrogram 1	1	191.298659941	192.412196945	237.4	510.5
45	Spectrogram 1	1	193.427480685	195.916563401	225.6	546.1
46	Spectrogram 1	1	196.809371365	198.250419254	1448.4	1662.1
47	Spectrogram 1	1	198.184917077	199.003694286	201.8	451.2
48	Spectrogram 1	1	202.868322714	205.652165226	35.6	332.4
49	Spectrogram 1	1	207.649981616	209.975308891	190.0	403.7
50	Spectrogram 1	1	210.445083901	211.001852403	83.1	273.1
51	Spectrogram 1	1	212.442900292	213.228926413	118.7	261.2
52	Spectrogram 1	1	214.604472124	215.324996068	59.4	296.8
53	Spectrogram 1	1	216.733292868	219.844646264	35.6	332.4
54	Spectrogram 1	1	221.613205036	223.447265985	71.2	273.1
55	Spectrogram 1	1	223.381763808	224.200541017	308.7	522.4
56	Spectrogram 1	1	225.084820403	227.246392236	59.4	225.6
57	Spectrogram 1	1	228.327178152	229.702723864	71.2	261.2
58	Spectrogram 1	1	234.222374059	236.809710040	83.1	427.4
59	Spectrogram 1	1	239.715309592	241.221859657	59.4	225.6
60	Spectrogram 1	1	243.481684755	244.922732643	95.0	249.3
61	Spectrogram 1	1	245.905265294	247.051553387	47.5	178.1
62	Spectrogram 1	1	249.835395899	251.636705759	95.0	439.3
63	Spectrogram 1	1	255.141072215	257.269892959	95.0	284.9
64	Spectrogram 1	1	258.678189759	259.955482206	47.5	249.3
65	Spectrogram 1	1	261.134521387	262.018800773	47.5	296.8
66	Spectrogram 1	1	266.898712940	268.831027154	95.0	451.2
67	Spectrogram 1	1	271.852636863	274.046959784	35.6	415.5
68	Spectrogram 1	1	275.717265291	278.664863245	59.4	415.5
69	Spectrogram 1	1	279.680146984	280.367919840	95.0	201.8
70	Spectrogram 1	1	282.070976435	283.741281942	439.3	558.0
71	Spectrogram 1	1	283.086260175	283.675779766	59.4	213.7
72	Spectrogram 1	1	286.754382072	288.260932138	47.5	415.5
73	Spectrogram 1	1	289.014207170	289.603726761	249.3	771.7
74	Spectrogram 1	1	290.684512677	292.354818184	106.9	569.9
75	Spectrogram 1	1	293.468355189	294.221630221	154.3	759.8
76	Spectrogram 1	1	294.388274855	294.879541180	106.9	225.6
77	Spectrogram 1	1	297.041113013	298.645916343	332.4	474.9
78	Spectrogram 1	1	298.089147841	298.711418520	106.9	201.8
79	Spectrogram 1	1	299.006178315	299.595697906	106.9	273.1
80	Spectrogram 1	1	299.792204436	300.119715320	83.1	249.3
81	Spectrogram 1	1	301.003994706	301.462509943	83.1	237.4
82	Spectrogram 1	1	301.691767562	302.215784976	130.6	237.4
83	Spectrogram 1	1	302.445042594	303.100064362	118.7	237.4
84	Spectrogram 1	1	303.951592659	304.508361162	356.2	759.8
85	Spectrogram 1	1	304.770369869	306.014911227	35.6	439.3
86	Spectrogram 1	1	306.309671022	307.095697143	201.8	759.8
87	Spectrogram 1	1	308.241985236	309.748535301	71.2	451.2
88	Spectrogram 1	1	309.945041831	311.222334278	261.2	486.8
89	Spectrogram 1	1	311.760412159	312.415433927	71.2	225.6
90	Spectrogram 1	1	312.513687192	313.037704606	71.2	249.3
91	Spectrogram 1	1	313.266962224	313.758228550	71.2	237.4
92	Spectrogram 1	1	314.216743787	314.773512289	71.2	201.8
93	Spectrogram 1	1	315.002769908	316.181809089	95.0	249.3
94	Spectrogram 1	1	318.245127657	318.670891806	83.1	284.9
95	Spectrogram 1	1	318.998402689	319.391415750	106.9	213.7
96	Spectrogram 1	1	319.686175545	320.504952754	83.1	653.0
97	Spectrogram 1	1	321.749494112	322.961284382	83.1	569.9
98	Spectrogram 1	1	325.483118187	327.546436754	59.4	534.3
99	Spectrogram 1	1	327.804749036	328.230513185	59.4	178.1
100	Spectrogram 1	1	328.401037409	328.748415159	59.4	237.4
101	Spectrogram 1	1	329.118951426	329.558963243	106.9	284.9
102	Spectrogram 1	1	329.860023960	330.184243193	118.7	320.6
103	Spectrogram 1	1	330.531620944	331.064266827	106.9	237.4
104	Spectrogram 1	1	331.203217927	331.457961611	95.0	308.7
105	Spectrogram 1	1	331.759022328	332.500094861	47.5	249.3
106	Spectrogram 1	1	333.032740745	333.495911078	166.2	534.3
107	Spectrogram 1	1	334.190666579	334.700153946	59.4	190.0
108	Spectrogram 1	1	334.908580596	335.279116863	106.9	201.8
109	Spectrogram 1	1	335.626494613	336.135981980	95.0	771.7
110	Spectrogram 1	1	338.868686948	340.744526799	166.2	510.5
111	Spectrogram 1	1	341.300331199	342.388781483	154.3	439.3
112	Spectrogram 1	1	345.339688054	346.150236137	71.2	403.7
113	Spectrogram 1	1	347.910283405	348.350295222	95.0	498.6
114	Spectrogram 1	1	348.628197422	349.045050722	59.4	166.2
115	Spectrogram 1	1	349.346111439	349.716647706	71.2	308.7
116	Spectrogram 1	1	350.040866939	350.527195790	83.1	213.7
117	Spectrogram 1	1	350.735622440	351.198792773	106.9	284.9
118	Spectrogram 1	1	351.360902390	352.356718607	308.7	498.6
119	Spectrogram 1	1	351.476694973	351.870389757	83.1	201.8
120	Spectrogram 1	1	352.055657890	352.565145257	106.9	273.1
121	Spectrogram 1	1	354.047290325	354.556777692	106.9	261.2
122	Spectrogram 1	1	354.880996925	355.274691709	95.0	284.9
123	Spectrogram 1	1	355.459959842	355.899971659	83.1	273.1
124	Spectrogram 1	1	359.049529927	360.114821695	201.8	510.5
125	Spectrogram 1	1	361.133796428	362.476990396	118.7	546.1
126	Spectrogram 1	1	363.125428863	364.098086563	166.2	498.6
127	Spectrogram 1	1	365.319714142	366.940810309	296.8	522.4
128	Spectrogram 1	1	377.246350231	378.867446399	47.5	510.5
129	Spectrogram 1	1	380.998029933	382.526492034	190.0	451.2
130	Spectrogram 1	1	394.886176056	395.881992273	225.6	427.4
131	Spectrogram 1	1	397.387295857	399.124184608	118.7	973.5
132	Spectrogram 1	1	401.877737558	402.734602675	249.3	439.3
133	Spectrogram 1	1	404.749393626	405.420990610	106.9	237.4
134	Spectrogram 1	1	408.709499978	410.099010979	225.6	463.0
135	Spectrogram 1	1	413.132776664	414.198068431	878.6	1009.2
136	Spectrogram 1	1	413.688581064	415.680213499	71.2	534.3
137	Spectrogram 1	1	417.139200049	419.362417650	178.1	522.4
138	Spectrogram 1	1	421.066874731	421.877422815	71.2	451.2
139	Spectrogram 1	1	422.433227215	423.660628599	178.1	356.2
140	Spectrogram 1	1	423.660628599	424.170115966	71.2	427.4
141	Spectrogram 1	1	425.513309933	426.462809117	95.0	368.0
142	Spectrogram 1	1	427.736527534	428.431283035	95.0	308.7
143	Spectrogram 1	1	430.839768769	432.970352304	106.9	463.0
144	Spectrogram 1	1	433.225095987	434.637765505	249.3	581.8
145	Spectrogram 1	1	435.425155072	437.486263056	237.4	415.5
146	Spectrogram 1	1	440.425046796	441.096643780	130.6	308.7
147	Spectrogram 1	1	442.578788847	443.041959181	142.5	308.7
148	Spectrogram 1	1	444.894640515	446.747321850	201.8	534.3
149	Spectrogram 1	1	449.480026818	450.939013368	213.7	474.9
150	Spectrogram 1	1	452.397999919	453.092755420	308.7	593.6
151	Spectrogram 1	1	455.223338954	456.033887038	249.3	558.0
152	Spectrogram 1	1	458.048677989	459.947676356	130.6	593.6
153	Spectrogram 1	1	461.880256599	462.598170616	225.6	664.9
154	Spectrogram 1	1	463.107657983	464.288742333	273.1	474.9
155	Spectrogram 1	1	464.682437117	465.724570367	225.6	771.7
156	Spectrogram 1	1	470.982706389	471.607986340	593.6	724.2
157	Spectrogram 1	1	472.534327007	474.595434991	178.1	593.6
158	Spectrogram 1	1	474.641752025	475.267031975	237.4	712.3
159	Spectrogram 1	1	477.582883643	478.787126510	213.7	617.4
160	Spectrogram 1	1	479.713467177	481.357721862	154.3	427.4
161	Spectrogram 1	1	480.338747128	481.983001812	379.9	736.1
162	Spectrogram 1	1	484.391487546	485.780998547	356.2	676.7
163	Spectrogram 1	1	488.242761402	489.169102070	225.6	724.2
164	Spectrogram 1	1	491.253368571	492.040758138	190.0	819.2
165	Spectrogram 1	1	493.592378755	494.565036456	130.6	676.7
166	Spectrogram 1	1	494.680829039	495.491377123	213.7	403.7
167	Spectrogram 1	1	495.908230423	497.390375491	130.6	783.6
168	Spectrogram 1	1	498.617776875	500.308348592	225.6	653.0
169	Spectrogram 1	1	500.725201892	501.790493660	379.9	605.5
170	Spectrogram 1	1	502.022078826	506.005343695	130.6	712.3
171	Spectrogram 1	1	506.468514029	507.580122829	154.3	700.5
172	Spectrogram 1	1	508.933740155	510.554836322	106.9	712.3
173	Spectrogram 1	1	511.064323689	512.083298423	83.1	664.9
174	Spectrogram 1	1	512.801212440	514.098089374	83.1	890.4
175	Spectrogram 1	1	515.325490758	518.035037209	166.2	569.9
176	Spectrogram 1	1	519.771925960	521.416180644	106.9	593.6
177	Spectrogram 1	1	523.006000409	523.561804809	320.6	664.9
178	Spectrogram 1	1	523.538646293	524.534462510	47.5	914.2
179	Spectrogram 1	1	524.951315810	526.062924611	261.2	641.1
180	Spectrogram 1	1	526.086083127	526.896631211	118.7	771.7
181	Spectrogram 1	1	527.753496328	529.004056229	47.5	522.4
182	Spectrogram 1	1	530.601993880	532.547309281	118.7	558.0
183	Spectrogram 1	1	533.079955164	534.145246931	130.6	368.0
184	Spectrogram 1	1	535.274241709	536.918496393	178.1	629.2
185	Spectrogram 1	1	537.520617827	538.701702177	201.8	451.2
186	Spectrogram 1	1	539.234348061	540.253322795	71.2	284.9
187	Spectrogram 1	1	540.322798345	540.762810162	166.2	700.5
188	Spectrogram 1	1	540.924919779	542.059687096	237.4	546.1
189	Spectrogram 1	1	541.943894512	543.032344796	71.2	724.2
190	Spectrogram 1	1	546.019793448	548.960925066	71.2	486.8
191	Spectrogram 1	1	550.710545178	551.775836946	118.7	427.4
192	Spectrogram 1	1	551.451617712	553.165347946	166.2	700.5
193	Spectrogram 1	1	559.927634816	562.498230168	47.5	522.4
194	Spectrogram 1	1	562.984559018	563.586680452	95.0	379.9
195	Spectrogram 1	1	564.003533752	566.666763170	71.2	534.3
196	Spectrogram 1	1	566.943471494	567.800336611	83.1	249.3
197	Spectrogram 1	1	568.101397328	570.231980862	35.6	510.5
198	Spectrogram 1	1	571.829918513	572.779417697	95.0	249.3
199	Spectrogram 1	1	572.455198463	576.253195198	83.1	593.6
200	Spectrogram 1	1	576.924792182	578.059559499	118.7	415.5
201	Spectrogram 1	1	578.939583133	581.788080685	118.7	534.3
202	Spectrogram 1	1	582.065982885	583.270225752	771.7	1068.5
203	Spectrogram 1	1	583.524969436	585.539760387	118.7	546.1
204	Spectrogram 1	1	586.561079201	588.089541302	83.1	415.5
205	Spectrogram 1	1	588.807455319	591.030672920	71.2	510.5
206	Spectrogram 1	1	592.049647654	592.999146838	284.9	510.5
207	Spectrogram 1	1	593.578109755	594.874986689	142.5	344.3
208	Spectrogram 1	1	595.060254822	596.889777640	83.1	534.3
209	Spectrogram 1	1	599.159312275	599.900384808	273.1	558.0
