Selection	View	Channel	Begin Time (s)	End Time (s)	Low Freq (Hz)	High Freq (Hz)
1	Spectrogram 1	1	4.945414344	6.943230735	71.2	332.4
2	Spectrogram 1	1	10.578601544	11.986898344	201.8	1864.0
3	Spectrogram 1	1	12.969430995	14.279474530	201.8	439.3
4	Spectrogram 1	1	24.235805395	25.578600018	95.0	403.7
5	Spectrogram 1	1	24.497814102	25.742355460	1448.4	2184.5
6	Spectrogram 1	1	29.705237153	31.277289395	237.4	522.4
7	Spectrogram 1	1	32.640749101	34.016294813	1365.3	2422.0
8	Spectrogram 1	1	34.736818757	35.915857938	1389.1	2611.9
9	Spectrogram 1	1	37.422408003	38.110180859	1377.2	2528.8
10	Spectrogram 1	1	38.863455892	40.009743985	664.9	1187.2
11	Spectrogram 1	1	41.057778813	41.614547315	605.5	2291.4
12	Spectrogram 1	1	42.695333231	44.005376766	783.6	1211.0
13	Spectrogram 1	1	45.642931185	48.721533491	71.2	724.2
14	Spectrogram 1	1	50.850354236	53.175681510	59.4	546.1
15	Spectrogram 1	1	56.735342349	57.226608675	973.5	1234.7
16	Spectrogram 1	1	57.979883708	58.831412005	890.4	2374.5
17	Spectrogram 1	1	60.567219689	61.451499075	902.3	2457.6
18	Spectrogram 1	1	62.237525196	62.990800228	878.6	2362.6
19	Spectrogram 1	1	66.200406889	69.737524433	225.6	997.3
20	Spectrogram 1	1	71.899096265	73.667655037	118.7	1044.8
21	Spectrogram 1	1	75.174205103	75.829226870	617.4	2018.3
22	Spectrogram 1	1	78.383811763	78.907829177	605.5	2327.0
23	Spectrogram 1	1	81.298658628	81.920929307	712.3	2327.0
24	Spectrogram 1	1	82.968964135	83.885994609	842.9	1211.0
25	Spectrogram 1	1	85.621802293	86.571583856	795.5	2303.3
26	Spectrogram 1	1	88.644353483	91.264440553	118.7	700.5
27	Spectrogram 1	1	93.917278711	95.194571157	166.2	997.3
28	Spectrogram 1	1	97.519898432	98.600684348	106.9	368.0
29	Spectrogram 1	1	99.877976795	101.450029036	130.6	391.8
30	Spectrogram 1	1	102.629068218	103.251338897	130.6	451.2
31	Spectrogram 1	1	104.561382432	105.609417260	106.9	261.2
32	Spectrogram 1	1	106.526447734	107.312473855	106.9	629.2
33	Spectrogram 1	1	109.474045687	112.061381669	95.0	1056.6
34	Spectrogram 1	1	114.615966562	116.155267715	213.7	593.6
35	Spectrogram 1	1	118.892399671	119.809430145	130.6	1092.3
36	Spectrogram 1	1	121.774495447	122.396766127	130.6	439.3
37	Spectrogram 1	1	123.641307485	124.558337959	71.2	415.5
38	Spectrogram 1	1	125.344364080	126.392398908	95.0	308.7
39	Spectrogram 1	1	127.014669587	128.226459857	59.4	344.3
40	Spectrogram 1	1	128.586721829	129.602005568	47.5	213.7
41	Spectrogram 1	1	131.960083931	134.842179708	71.2	771.7
42	Spectrogram 1	1	137.102004805	138.608554870	249.3	593.6
43	Spectrogram 1	1	138.904311396	140.312608196	225.6	379.9
44	Spectrogram 1	1	141.065883229	141.982913703	83.1	296.8
45	Spectrogram 1	1	144.078983359	144.996013833	95.0	296.8
46	Spectrogram 1	1	146.142301926	146.731821517	95.0	249.3
47	Spectrogram 1	1	147.616100903	148.958895526	71.2	273.1
48	Spectrogram 1	1	154.199069666	156.524396940	118.7	546.1
49	Spectrogram 1	1	158.867569605	160.636128377	201.8	546.1
50	Spectrogram 1	1	163.452721977	164.369752451	95.0	284.9
51	Spectrogram 1	1	166.629577549	167.448354758	95.0	308.7
52	Spectrogram 1	1	168.594642851	169.708179856	71.2	261.2
53	Spectrogram 1	1	175.505122497	178.092458479	106.9	1044.8
54	Spectrogram 1	1	180.090344368	181.924405317	213.7	593.6
55	Spectrogram 1	1	184.216981503	185.396020684	59.4	451.2
56	Spectrogram 1	1	187.819601224	188.605627345	71.2	320.6
57	Spectrogram 1	1	189.620911084	190.406937205	106.9	344.3
58	Spectrogram 1	1	191.487723121	192.306500331	95.0	296.8
59	Spectrogram 1	1	193.354535159	194.206063456	106.9	284.9
60	Spectrogram 1	1	194.861085224	195.679862433	71.2	237.4
61	Spectrogram 1	1	197.808683177	201.444053986	130.6	771.7
62	Spectrogram 1	1	202.590342079	204.457154117	106.9	558.0
63	Spectrogram 1	1	206.889244235	207.642519268	118.7	320.6
64	Spectrogram 1	1	209.935095454	210.721121575	95.0	391.8
65	Spectrogram 1	1	211.834658579	212.555182523	83.1	273.1
66	Spectrogram 1	1	213.766972793	214.520247826	71.2	261.2
67	Spectrogram 1	1	215.240771770	216.354308774	23.7	261.2
68	Spectrogram 1	1	218.974395844	221.332474207	154.3	629.2
69	Spectrogram 1	1	223.854308011	225.753871137	213.7	605.5
70	Spectrogram 1	1	228.308456030	229.061731063	95.0	296.8
71	Spectrogram 1	1	231.681818132	232.533346430	83.1	391.8
72	Spectrogram 1	1	234.400158467	235.022429146	95.0	284.9
73	Spectrogram 1	1	235.972210709	236.856490095	95.0	261.2
74	Spectrogram 1	1	237.549971836	238.630757752	71.2	284.9
75	Spectrogram 1	1	241.283595910	243.936434068	130.6	653.0
76	Spectrogram 1	1	245.967001547	247.997569026	178.1	629.2
77	Spectrogram 1	1	250.519402831	251.600188747	59.4	344.3
78	Spectrogram 1	1	254.056520375	254.908048673	95.0	284.9
79	Spectrogram 1	1	256.087087854	257.331629212	71.2	237.4
80	Spectrogram 1	1	258.346912952	259.231192338	83.1	237.4
81	Spectrogram 1	1	259.787960840	260.737742403	95.0	237.4
82	Spectrogram 1	1	263.180114563	265.570944014	95.0	748.0
83	Spectrogram 1	1	269.370070265	270.418105093	71.2	284.9
84	Spectrogram 1	1	273.070943251	274.708497670	118.7	308.7
85	Spectrogram 1	1	276.542558619	277.394086916	95.0	249.3
86	Spectrogram 1	1	280.603693577	282.798016497	95.0	569.9
87	Spectrogram 1	1	297.446262579	299.509581146	130.6	534.3
88	Spectrogram 1	1	315.178699853	317.504027127	130.6	463.0
89	Spectrogram 1	1	322.776952355	323.628480653	391.8	569.9
90	Spectrogram 1	1	326.281318811	326.903589490	284.9	427.4
91	Spectrogram 1	1	331.586995127	333.846820225	106.9	498.6
92	Spectrogram 1	1	338.079273973	339.782330568	106.9	308.7
93	Spectrogram 1	1	344.039972056	344.957002531	213.7	427.4
94	Spectrogram 1	1	347.740845042	351.572722382	59.4	415.5
95	Spectrogram 1	1	354.291062717	356.092372577	225.6	474.9
96	Spectrogram 1	1	367.517002030	370.169840188	154.3	308.7
97	Spectrogram 1	1	373.248442495	375.213507798	201.8	451.2
98	Spectrogram 1	1	376.752808951	377.899097044	2053.9	4167.2
99	Spectrogram 1	1	387.134903965	387.920930086	700.5	1294.1
100	Spectrogram 1	1	391.261541100	394.602152114	130.6	866.7
101	Spectrogram 1	1	396.769432831	398.406987250	190.0	724.2
102	Spectrogram 1	1	402.762882003	403.647161389	605.5	2303.3
103	Spectrogram 1	1	405.448471249	406.332750636	700.5	2552.6
104	Spectrogram 1	1	408.068558319	408.690828998	748.0	2433.9
105	Spectrogram 1	1	410.328383417	411.114409538	795.5	2445.7
106	Spectrogram 1	1	413.341483547	416.878601091	118.7	973.5
107	Spectrogram 1	1	418.974670747	420.644976254	118.7	1009.2
108	Spectrogram 1	1	424.693078976	425.511856185	771.7	2303.3
109	Spectrogram 1	1	426.559891013	427.247663869	736.1	2303.3
110	Spectrogram 1	1	428.328449785	429.016222641	807.3	2410.1
111	Spectrogram 1	1	430.293515088	430.752030325	759.8	2267.6
112	Spectrogram 1	1	433.404868483	436.352466436	83.1	914.2
113	Spectrogram 1	1	438.743295887	440.020588334	213.7	712.3
114	Spectrogram 1	1	442.098932598	443.277971780	142.5	356.2
115	Spectrogram 1	1	444.096748989	445.308539259	71.2	284.9
116	Spectrogram 1	1	446.422076263	447.961377417	106.9	284.9
117	Spectrogram 1	1	448.518145919	449.828189454	71.2	344.3
118	Spectrogram 1	1	450.417709045	451.957010198	71.2	368.0
119	Spectrogram 1	1	454.577097268	457.066179984	95.0	914.2
120	Spectrogram 1	1	458.769236579	461.291070384	71.2	593.6
121	Spectrogram 1	1	463.928075612	464.746852821	95.0	1887.7
122	Spectrogram 1	1	466.711918124	467.628948598	59.4	1056.6
123	Spectrogram 1	1	469.135498663	470.150782403	83.1	1044.8
124	Spectrogram 1	1	470.838555258	471.657332468	35.6	1056.6
125	Spectrogram 1	1	472.541611854	473.884406477	83.1	356.2
126	Spectrogram 1	1	474.604930421	475.718467426	95.0	474.9
127	Spectrogram 1	1	476.144231575	476.832004430	71.2	308.7
128	Spectrogram 1	1	479.007655729	481.857000418	106.9	1341.6
129	Spectrogram 1	1	483.756563543	485.754379934	154.3	558.0
130	Spectrogram 1	1	488.145209385	489.062239859	83.1	344.3
131	Spectrogram 1	1	490.830798631	492.370099785	59.4	427.4
132	Spectrogram 1	1	493.090623729	494.433418352	59.4	320.6
133	Spectrogram 1	1	494.956559034	496.626864541	47.5	368.0
134	Spectrogram 1	1	497.019877602	497.904156988	0.0	308.7
135	Spectrogram 1	1	500.393239704	502.554811536	71.2	890.4
136	Spectrogram 1	1	504.749134457	506.353937788	225.6	617.4
137	Spectrogram 1	1	508.482758532	509.825553155	59.4	332.4
138	Spectrogram 1	1	514.246950085	516.932539332	95.0	439.3
139	Spectrogram 1	1	530.508408076	532.342469024	35.6	415.5
140	Spectrogram 1	1	535.028058271	536.272599629	11.9	451.2
141	Spectrogram 1	1	538.972268342	540.609822760	71.2	474.9
142	Spectrogram 1	1	548.568337235	548.961350295	59.4	569.9
143	Spectrogram 1	1	549.419865532	549.845629681	95.0	498.6
144	Spectrogram 1	1	550.173140565	550.533402537	118.7	463.0
145	Spectrogram 1	1	550.795411244	551.188424304	142.5	629.2
146	Spectrogram 1	1	553.251742872	554.627288583	23.7	439.3
147	Spectrogram 1	1	557.378380007	559.277943132	47.5	463.0
148	Spectrogram 1	1	561.430229654	562.183504686	71.2	320.6
149	Spectrogram 1	1	562.969530807	563.428046044	47.5	427.4
150	Spectrogram 1	1	563.886561281	564.377827607	83.1	213.7
151	Spectrogram 1	1	565.589617877	566.244639644	59.4	368.0
152	Spectrogram 1	1	567.783940798	568.307958212	95.0	261.2
153	Spectrogram 1	1	568.668220184	568.995731067	118.7	344.3
154	Spectrogram 1	1	569.388744128	569.880010453	83.1	190.0
155	Spectrogram 1	1	570.469530044	570.895294193	83.1	237.4
156	Spectrogram 1	1	571.222805077	571.681320314	142.5	368.0
157	Spectrogram 1	1	574.072149765	575.218437858	23.7	415.5
158	Spectrogram 1	1	578.657302137	579.639834788	106.9	498.6
