Selection	View	Channel	Begin Time (s)	End Time (s)	Low Freq (Hz)	High Freq (Hz)
1	Spectrogram 1	1	1.667413201	3.844313769	142.5	617.4
2	Spectrogram 1	1	7.734944571	9.309723705	106.9	1056.6
3	Spectrogram 1	1	9.541308872	10.189747339	2576.3	3063.1
4	Spectrogram 1	1	12.135062740	13.061403407	2160.8	3324.3
5	Spectrogram 1	1	14.126695174	14.728816608	154.3	284.9
6	Spectrogram 1	1	17.971008943	20.379494677	130.6	1032.9
7	Spectrogram 1	1	25.752270547	27.049147481	700.5	1329.7
8	Spectrogram 1	1	27.604951881	30.106071682	2956.2	5520.7
9	Spectrogram 1	1	29.272365082	29.967120582	712.3	973.5
10	Spectrogram 1	1	30.754510149	32.653508517	676.7	6256.8
11	Spectrogram 1	1	34.645140951	37.331528886	118.7	783.6
12	Spectrogram 1	1	44.369540299	46.870660101	605.5	5675.0
13	Spectrogram 1	1	47.889634835	48.954926602	2920.6	5093.3
14	Spectrogram 1	1	51.178144203	53.262410704	213.7	474.9
15	Spectrogram 1	1	60.256282741	64.193230576	700.5	6316.2
16	Spectrogram 1	1	66.092228944	68.408080612	261.2	736.1
17	Spectrogram 1	1	73.086100981	75.401952649	154.3	937.9
18	Spectrogram 1	1	75.448269682	80.404192251	1519.7	4879.6
19	Spectrogram 1	1	82.997946119	85.128529654	106.9	522.4
20	Spectrogram 1	1	89.734982734	91.819249235	130.6	1068.5
21	Spectrogram 1	1	92.097151435	93.671930569	712.3	4903.3
22	Spectrogram 1	1	94.320369036	95.848831137	700.5	4891.5
23	Spectrogram 1	1	96.219367404	97.516244338	2267.6	4950.8
24	Spectrogram 1	1	99.693144906	102.194264707	71.2	522.4
25	Spectrogram 1	1	105.853310342	109.141819710	83.1	1021.0
26	Spectrogram 1	1	108.910234544	110.068160378	2208.3	3324.3
27	Spectrogram 1	1	111.226086212	112.476646112	2825.6	4665.9
28	Spectrogram 1	1	113.264035679	114.421961513	1472.2	3324.3
29	Spectrogram 1	1	118.321941227	120.359890695	166.2	403.7
30	Spectrogram 1	1	124.111570396	125.593715464	201.8	1092.3
31	Spectrogram 1	1	127.168494598	128.696956699	653.0	4084.1
32	Spectrogram 1	1	129.808565499	131.059125400	2980.0	6411.1
33	Spectrogram 1	1	131.985466067	133.050757834	1329.7	4072.3
34	Spectrogram 1	1	136.663486436	139.720410638	190.0	403.7
35	Spectrogram 1	1	142.777334840	144.583699140	166.2	2184.5
36	Spectrogram 1	1	145.926893108	147.594306309	534.3	4855.8
37	Spectrogram 1	1	148.798549176	150.419645343	653.0	4072.3
38	Spectrogram 1	1	155.460172688	156.618098522	190.0	332.4
39	Spectrogram 1	1	160.879265591	162.731946925	249.3	403.7
40	Spectrogram 1	1	163.843555725	165.418334860	2849.4	6316.2
41	Spectrogram 1	1	166.298358493	168.058405761	641.1	6423.0
42	Spectrogram 1	1	168.567893128	170.003721162	2101.4	5413.8
43	Spectrogram 1	1	172.504840963	175.144911865	190.0	379.9
44	Spectrogram 1	1	178.479738266	180.239785534	178.1	1080.4
45	Spectrogram 1	1	181.582979501	183.481977869	2813.8	5402.0
46	Spectrogram 1	1	184.315684469	185.844146570	2243.9	6387.4
47	Spectrogram 1	1	189.964180017	192.141080584	178.1	1009.2
48	Spectrogram 1	1	195.614858086	197.235954254	249.3	379.9
49	Spectrogram 1	1	198.579148221	200.014976255	2196.4	6256.8
50	Spectrogram 1	1	201.358170222	202.469779023	2160.8	6209.3
51	Spectrogram 1	1	201.728706489	202.516096056	712.3	831.1
52	Spectrogram 1	1	203.025583423	204.183509257	2232.0	6339.9
53	Spectrogram 1	1	207.657286759	210.667893927	130.6	2552.6
54	Spectrogram 1	1	213.863769229	215.716450563	201.8	1104.1
55	Spectrogram 1	1	216.874376397	218.495472565	664.9	6423.0
56	Spectrogram 1	1	219.792349499	220.903958299	3609.2	6470.5
57	Spectrogram 1	1	225.026174268	226.647270436	154.3	1828.4
58	Spectrogram 1	1	230.353398294	232.345030728	213.7	1163.5
59	Spectrogram 1	1	233.780858762	235.355637896	664.9	6387.4
60	Spectrogram 1	1	236.328295597	237.810440664	641.1	6458.6
61	Spectrogram 1	1	241.237901133	243.553752801	142.5	368.0
62	Spectrogram 1	1	247.120164369	248.694943503	142.5	1151.6
63	Spectrogram 1	1	249.852869337	250.825527038	2801.9	4784.6
64	Spectrogram 1	1	252.307672105	253.789817173	2873.1	4689.6
65	Spectrogram 1	1	254.762474873	255.827766640	807.3	3193.7
66	Spectrogram 1	1	257.309911708	258.653105675	831.1	3312.4
67	Spectrogram 1	1	260.876323276	264.535368911	154.3	522.4
68	Spectrogram 1	1	266.518942861	267.815819795	225.6	724.2
69	Spectrogram 1	1	269.344281896	270.039037396	890.4	1151.6
70	Spectrogram 1	1	272.586474231	273.420180832	807.3	2659.4
71	Spectrogram 1	1	274.809691832	275.504447333	676.7	2623.8
72	Spectrogram 1	1	277.032909433	277.912933067	949.8	2695.0
73	Spectrogram 1	1	278.839273734	279.626663301	914.2	2374.5
74	Spectrogram 1	1	282.266734203	284.443634771	154.3	641.1
75	Spectrogram 1	1	287.176339739	288.473216673	201.8	427.4
76	Spectrogram 1	1	290.835385374	291.576457908	106.9	296.8
77	Spectrogram 1	1	305.055479804	307.695550706	142.5	558.0
78	Spectrogram 1	1	309.965085340	311.400913374	225.6	474.9
79	Spectrogram 1	1	329.427387233	332.160092201	142.5	926.1
80	Spectrogram 1	1	334.383309803	336.328625204	201.8	498.6
81	Spectrogram 1	1	338.922379072	339.524500505	142.5	296.8
82	Spectrogram 1	1	353.596667788	355.958836489	142.5	1009.2
83	Spectrogram 1	1	358.043102990	360.034735424	166.2	1009.2
84	Spectrogram 1	1	372.540334431	375.134088299	142.5	569.9
85	Spectrogram 1	1	377.079403700	379.024719101	190.0	1412.8
86	Spectrogram 1	1	393.849824291	395.470920459	356.2	914.2
87	Spectrogram 1	1	397.277284760	398.944697961	273.1	1341.6
88	Spectrogram 1	1	409.504981566	411.589248067	142.5	831.1
89	Spectrogram 1	1	426.217411047	428.209043482	95.0	712.3
90	Spectrogram 1	1	443.864200756	445.763199124	106.9	914.2
91	Spectrogram 1	1	450.163317293	451.460194227	130.6	356.2
92	Spectrogram 1	1	486.135382869	487.154357603	213.7	546.1
