Selection	View	Channel	Begin Time (s)	End Time (s)	Low Freq (Hz)	High Freq (Hz)
1	Spectrogram 1	1	0.229256942	2.718332316	118.7	926.1
2	Spectrogram 1	1	4.912648763	6.484696367	261.2	427.4
3	Spectrogram 1	1	20.731377781	21.288144641	866.7	2505.1
4	Spectrogram 1	1	23.809971006	27.052319189	142.5	973.5
5	Spectrogram 1	1	29.410390596	30.916936216	201.8	1068.5
6	Spectrogram 1	1	32.325228862	33.012999689	771.7	2243.9
7	Spectrogram 1	1	35.174565145	36.026090930	819.2	2362.6
8	Spectrogram 1	1	45.328434065	48.276023323	106.9	1021.0
9	Spectrogram 1	1	50.666845721	52.140640350	190.0	1116.0
10	Spectrogram 1	1	56.627526220	57.348048039	700.5	2457.6
11	Spectrogram 1	1	59.149352585	60.033629363	807.3	2291.4
12	Spectrogram 1	1	65.306539035	68.188626310	106.9	973.5
13	Spectrogram 1	1	70.644950691	71.987741353	142.5	759.8
14	Spectrogram 1	1	73.494286974	75.524848463	166.2	368.0
15	Spectrogram 1	1	76.413887880	78.313445402	130.6	961.7
16	Spectrogram 1	1	79.099469204	80.213002924	106.9	997.3
17	Spectrogram 1	1	81.195532677	82.734829289	106.9	1021.0
18	Spectrogram 1	1	83.422600116	84.732639786	118.7	926.1
19	Spectrogram 1	1	86.926956234	89.645288549	142.5	973.5
20	Spectrogram 1	1	92.068861939	93.706411527	213.7	581.8
21	Spectrogram 1	1	96.606348888	97.359621699	106.9	985.4
22	Spectrogram 1	1	98.833416328	100.700222858	95.0	273.1
23	Spectrogram 1	1	101.584499635	102.436025421	83.1	902.3
24	Spectrogram 1	1	103.189298231	104.925100794	142.5	427.4
25	Spectrogram 1	1	105.874879555	106.890160299	83.1	997.3
26	Spectrogram 1	1	109.444737656	112.195820964	118.7	973.5
27	Spectrogram 1	1	114.422888403	116.027686999	213.7	522.4
28	Spectrogram 1	1	118.254754438	119.401039150	83.1	356.2
29	Spectrogram 1	1	121.595355597	122.446881383	83.1	344.3
30	Spectrogram 1	1	125.334668026	126.055189845	95.0	284.9
31	Spectrogram 1	1	127.037719597	128.118502325	71.2	332.4
32	Spectrogram 1	1	130.902336624	133.653419932	106.9	759.8
33	Spectrogram 1	1	135.487475470	137.256029025	178.1	569.9
34	Spectrogram 1	1	139.614100431	141.087895060	83.1	344.3
35	Spectrogram 1	1	143.183958532	144.231990268	71.2	308.7
36	Spectrogram 1	1	145.312772996	146.524559691	83.1	320.6
37	Spectrogram 1	1	147.310583493	148.325864238	59.4	296.8
38	Spectrogram 1	1	150.932920880	154.044265097	71.2	605.5
39	Spectrogram 1	1	155.780067660	157.646874190	130.6	617.4
40	Spectrogram 1	1	158.956913860	160.627214439	118.7	296.8
41	Spectrogram 1	1	162.101009068	163.673056673	95.0	284.9
42	Spectrogram 1	1	164.557333450	165.834622128	71.2	403.7
43	Spectrogram 1	1	168.127191551	169.109721304	118.7	368.0
44	Spectrogram 1	1	174.140341837	175.908895391	166.2	534.3
45	Spectrogram 1	1	183.801884404	184.358651264	130.6	308.7
46	Spectrogram 1	1	190.810596640	193.234170030	118.7	510.5
47	Spectrogram 1	1	197.329986955	198.934785550	71.2	332.4
48	Spectrogram 1	1	200.670588113	201.325607949	130.6	308.7
49	Spectrogram 1	1	201.260105965	201.980627784	1329.7	1543.4
50	Spectrogram 1	1	206.991529522	208.825585060	95.0	510.5
51	Spectrogram 1	1	217.029304880	218.208340583	1365.3	1650.3
52	Spectrogram 1	1	223.317495297	225.511811744	106.9	676.7
53	Spectrogram 1	1	234.665310324	236.335610904	664.9	890.4
54	Spectrogram 1	1	240.265729914	242.394544378	142.5	522.4
55	Spectrogram 1	1	247.503699092	249.141248680	83.1	320.6
56	Spectrogram 1	1	250.713296284	251.990584962	154.3	296.8
57	Spectrogram 1	1	257.722008520	260.047328934	130.6	842.9
58	Spectrogram 1	1	267.276012828	270.223602086	83.1	558.0
59	Spectrogram 1	1	277.297816305	277.789081181	106.9	356.2
60	Spectrogram 1	1	282.799982920	284.568536475	83.1	498.6
61	Spectrogram 1	1	287.581627716	288.695161436	106.9	510.5
62	Spectrogram 1	1	291.060834166	291.519348050	118.7	391.8
63	Spectrogram 1	1	293.386154581	293.910170449	95.0	415.5
64	Spectrogram 1	1	294.827198218	295.383965078	59.4	463.0
65	Spectrogram 1	1	295.842478962	296.300992847	23.7	439.3
66	Spectrogram 1	1	296.792257723	297.447277558	59.4	403.7
67	Spectrogram 1	1	299.936352931	300.427617808	142.5	261.2
68	Spectrogram 1	1	303.768218967	305.373017563	130.6	498.6
69	Spectrogram 1	1	308.549863763	309.696148474	178.1	510.5
70	Spectrogram 1	1	312.105724440	312.564238324	95.0	249.3
71	Spectrogram 1	1	312.826246259	313.186507168	130.6	261.2
72	Spectrogram 1	1	315.806586508	316.265100393	106.9	237.4
73	Spectrogram 1	1	318.426665849	318.852428741	71.2	273.1
74	Spectrogram 1	1	319.998713453	320.260721387	118.7	391.8
75	Spectrogram 1	1	320.981243205	321.407006098	95.0	213.7
76	Spectrogram 1	1	321.767267008	322.160278909	130.6	249.3
77	Spectrogram 1	1	324.518350315	325.893891969	35.6	510.5
78	Spectrogram 1	1	329.267244119	330.544532798	201.8	498.6
79	Spectrogram 1	1	333.129129959	333.522141860	95.0	320.6
80	Spectrogram 1	1	333.915153761	334.275414671	106.9	237.4
81	Spectrogram 1	1	334.602924588	335.159691448	83.1	273.1
82	Spectrogram 1	1	337.026497978	337.681517813	83.1	213.7
83	Spectrogram 1	1	337.943525747	338.467541615	106.9	237.4
84	Spectrogram 1	1	338.664047566	339.253565417	142.5	249.3
85	Spectrogram 1	1	340.596356079	341.087620956	71.2	237.4
86	Spectrogram 1	1	341.546134840	342.037399716	71.2	237.4
87	Spectrogram 1	1	346.819044513	347.867076249	71.2	522.4
88	Spectrogram 1	1	351.109424433	352.255709144	166.2	581.8
89	Spectrogram 1	1	361.562699670	362.381474464	320.6	1804.6
90	Spectrogram 1	1	365.296312730	366.115087524	451.2	1555.3
91	Spectrogram 1	1	368.931672815	369.619443642	261.2	1199.1
92	Spectrogram 1	1	371.682756123	372.468779925	178.1	1044.8
93	Spectrogram 1	1	387.323751756	388.633791426	391.8	2374.5
94	Spectrogram 1	1	391.352123742	392.105396552	356.2	1092.3
95	Spectrogram 1	1	394.659973909	395.544250686	237.4	878.6
96	Spectrogram 1	1	398.655594903	399.441618705	1840.2	2220.2
97	Spectrogram 1	1	401.439429202	402.127200029	415.5	1495.9
98	Spectrogram 1	1	411.808461391	412.987497094	474.9	1163.5
99	Spectrogram 1	1	415.804082385	416.721110154	320.6	1341.6
100	Spectrogram 1	1	418.980928585	419.963458338	237.4	807.3
101	Spectrogram 1	1	421.633758917	422.452533711	213.7	973.5
102	Spectrogram 1	1	425.236368010	426.120644788	534.3	1270.4
103	Spectrogram 1	1	428.675222145	429.952510823	463.0	1448.4
104	Spectrogram 1	1	432.742053990	434.281350603	249.3	1460.3
105	Spectrogram 1	1	436.017153166	436.999682918	237.4	1056.6
106	Spectrogram 1	1	438.506228539	439.423256308	190.0	736.1
107	Spectrogram 1	1	440.471288044	441.519319781	190.0	748.0
108	Spectrogram 1	1	443.713636228	445.875201684	320.6	759.8
109	Spectrogram 1	1	447.971265156	449.477810777	379.9	783.6
110	Spectrogram 1	1	452.196143093	453.047668878	142.5	1104.1
111	Spectrogram 1	1	454.750720450	455.864254169	178.1	819.2
112	Spectrogram 1	1	457.043289872	457.862064666	118.7	1080.4
113	Spectrogram 1	1	459.761653689	460.842436417	130.6	1246.6
114	Spectrogram 1	1	463.397013774	465.591330221	178.1	653.0
115	Spectrogram 1	1	468.047654603	469.652453199	213.7	1282.2
116	Spectrogram 1	1	471.977773613	473.156809316	118.7	748.0
117	Spectrogram 1	1	474.827109896	475.809639649	95.0	759.8
118	Spectrogram 1	1	476.759418409	477.840201137	154.3	819.2
119	Spectrogram 1	1	478.527971964	479.608754692	118.7	1009.2
120	Spectrogram 1	1	482.073626626	484.628203982	118.7	1211.0
121	Spectrogram 1	1	486.626014479	488.329066051	178.1	605.5
122	Spectrogram 1	1	490.949145391	491.898924152	118.7	344.3
123	Spectrogram 1	1	493.569224731	494.781011426	59.4	486.8
124	Spectrogram 1	1	495.698039195	496.844323907	95.0	403.7
125	Spectrogram 1	1	497.761351676	498.252616552	142.5	415.5
126	Spectrogram 1	1	500.905446884	503.165265316	142.5	973.5
127	Spectrogram 1	1	505.261328788	507.029882343	201.8	522.4
128	Spectrogram 1	1	509.687475315	510.833760026	95.0	403.7
129	Spectrogram 1	1	512.700566556	513.945104243	95.0	368.0
130	Spectrogram 1	1	514.665626062	516.073918707	83.1	368.0
131	Spectrogram 1	1	516.663436559	517.940725237	59.4	391.8
132	Spectrogram 1	1	520.822812512	523.672148794	71.2	926.1
133	Spectrogram 1	1	525.309698382	527.700520780	142.5	759.8
134	Spectrogram 1	1	530.077364753	531.256400456	59.4	284.9
135	Spectrogram 1	1	533.221459961	534.564250623	95.0	415.5
136	Spectrogram 1	1	535.710535335	536.987824013	71.2	344.3
137	Spectrogram 1	1	537.806598807	539.116638477	59.4	296.8
138	Spectrogram 1	1	539.706156329	540.852441040	59.4	261.2
139	Spectrogram 1	1	543.505271372	546.190852696	95.0	985.4
140	Spectrogram 1	1	547.959406251	550.120971707	154.3	1009.2
141	Spectrogram 1	1	552.400508932	553.579544635	47.5	308.7
142	Spectrogram 1	1	556.003118025	556.854643811	71.2	546.1
143	Spectrogram 1	1	557.673418604	559.245466209	71.2	356.2
144	Spectrogram 1	1	559.769482077	561.112272739	71.2	1733.4
145	Spectrogram 1	1	563.470344145	566.221427452	130.6	914.2
146	Spectrogram 1	1	571.527088117	573.426645638	641.1	902.3
147	Spectrogram 1	1	580.304423406	582.629743820	83.1	736.1
148	Spectrogram 1	1	589.441950105	592.324037380	653.0	961.7
149	Spectrogram 1	1	597.302188126	599.529255566	95.0	664.9
