Selection	View	Channel	Begin Time (s)	End Time (s)	Low Freq (Hz)	High Freq (Hz)	Begin File
1	Spectrogram 1	1	14.532283895	16.102438706	104.0	395.1	Chinitna_HB6.1_191020205157.wav
2	Spectrogram 1	1	171.387521321	173.291751624	62.4	291.2	Chinitna_HB6.1_191020205157.wav
3	Spectrogram 1	1	336.928721534	338.766136739	76.1	266.2	Chinitna_HB6.1_191020205157.wav
4	Spectrogram 1	1	415.082379594	417.020017446	57.1	399.4	Chinitna_HB6.1_191020205157.wav
5	Spectrogram 1	1	543.173717172	544.810687082	57.1	285.3	Chinitna_HB6.1_191020205157.wav
6	Spectrogram 1	1	595.590161841	597.728244989	76.1	361.3	Chinitna_HB6.1_191020205157.wav
7	Spectrogram 1	1	647.852969284	649.590161841	114.1	494.5	Chinitna_HB6.1_191020205157.wav
8	Spectrogram 1	1	714.861906436	716.432061247	95.1	228.2	Chinitna_HB6.1_191020205157.wav
9	Spectrogram 1	1	772.503329297	773.973261461	76.1	380.3	Chinitna_HB6.1_191020205157.wav
10	Spectrogram 1	1	799.697074332	801.033376299	95.1	399.4	Chinitna_HB6.1_191020205157.wav
11	Spectrogram 1	1	885.347423928	887.351876879	38.0	323.3	Chinitna_HB6.1_191020205157.wav
12	Spectrogram 1	1	941.886397666	943.523367576	57.1	437.4	Chinitna_HB6.1_191020205157.wav
13	Spectrogram 1	1	991.409786076	993.714906969	76.1	513.5	Chinitna_HB6.1_191020205157.wav
14	Spectrogram 1	1	1024.917557906	1026.988825956	57.1	304.3	Chinitna_HB6.1_191020205157.wav
15	Spectrogram 1	1	1105.957665715	1108.229379060	76.1	551.5	Chinitna_HB6.1_191020205157.wav
16	Spectrogram 1	1	1180.536716012	1182.674799160	57.1	494.5	Chinitna_HB6.1_191020205157.wav
17	Spectrogram 1	1	1189.723792038	1191.628022341	76.1	513.5	Chinitna_HB6.1_191020205157.wav
18	Spectrogram 1	1	1377.962118666	1379.999979167	76.1	475.4	Chinitna_HB6.1_191020205157.wav
19	Spectrogram 1	1	1772.498855512	1774.169232971	76.1	456.4	Chinitna_HB6.1_191020205157.wav
20	Spectrogram 1	1	2142.714896553	2144.619126856	76.1	456.4	Chinitna_HB6.1_191020205157.wav
21	Spectrogram 1	1	2286.006669010	2287.944306862	76.1	437.4	Chinitna_HB6.1_191020205157.wav
22	Spectrogram 1	1	2407.035613191	2408.639175552	76.1	323.3	Chinitna_HB6.1_191020205157.wav
23	Spectrogram 1	1	2562.521141101	2564.559001601	95.1	475.4	Chinitna_HB6.1_191020205157.wav
24	Spectrogram 1	1	2693.037829250	2695.209319947	57.1	494.5	Chinitna_HB6.1_191020205157.wav
25	Spectrogram 1	1	3207.681499420	3209.919805215	38.0	532.5	Chinitna_HB6.1_191020205157.wav
26	Spectrogram 1	1	3410.184849550	3412.022264755	76.1	513.5	Chinitna_HB6.1_191020205157.wav
27	Spectrogram 1	1	4127.786175019	4129.089069437	57.1	380.3	Chinitna_HB6.1_191020205157.wav
28	Spectrogram 1	1	4706.285072197	4707.053445829	247.2	646.6	Chinitna_HB6.1_191020205157.wav
29	Spectrogram 1	1	4710.895313985	4711.730502714	95.1	418.4	Chinitna_HB6.1_191020205157.wav
30	Spectrogram 1	1	4715.204887829	4716.040076559	133.1	323.3	Chinitna_HB6.1_191020205157.wav
31	Spectrogram 1	1	4718.011121961	4718.412012551	95.1	399.4	Chinitna_HB6.1_191020205157.wav
32	Spectrogram 1	1	4766.131393305	4766.565691444	361.3	513.5	Chinitna_HB6.1_191020205157.wav
33	Spectrogram 1	1	4770.507782248	4771.276155879	95.1	323.3	Chinitna_HB6.1_191020205157.wav
34	Spectrogram 1	1	4778.191518560	4779.227152584	114.1	323.3	Chinitna_HB6.1_191020205157.wav
35	Spectrogram 1	1	4781.164790437	4782.367462208	76.1	380.3	Chinitna_HB6.1_191020205157.wav
36	Spectrogram 1	1	4785.474364282	4786.509998306	266.2	551.5	Chinitna_HB6.1_191020205157.wav
37	Spectrogram 1	1	4785.674809577	4785.674809577	3670.4	3670.4	Chinitna_HB6.1_191020205157.wav
38	Spectrogram 1	1	4790.184828717	4790.919794799	247.2	399.4	Chinitna_HB6.1_191020205157.wav
39	Spectrogram 1	1	4795.095738447	4795.964334725	114.1	342.3	Chinitna_HB6.1_191020205157.wav
40	Spectrogram 1	1	4803.748293685	4804.650297513	114.1	304.3	Chinitna_HB6.1_191020205157.wav
41	Spectrogram 1	1	4853.973240627	4854.574576513	228.2	665.6	Chinitna_HB6.1_191020205157.wav
42	Spectrogram 1	1	4860.621342915	4861.222678800	190.2	494.5	Chinitna_HB6.1_191020205157.wav
43	Spectrogram 1	1	4867.216030624	4868.118034452	152.1	589.5	Chinitna_HB6.1_191020205157.wav
44	Spectrogram 1	1	4871.859679960	4872.928721534	418.4	665.6	Chinitna_HB6.1_191020205157.wav
45	Spectrogram 1	1	5078.171490697	5079.908683254	57.1	380.3	Chinitna_HB6.1_191020205157.wav
46	Spectrogram 1	1	5274.948749397	5276.886387249	76.1	323.3	Chinitna_HB6.1_191020205157.wav
47	Spectrogram 1	1	6084.046745569	6085.182602241	95.1	247.2	Chinitna_HB6.1_191020205157.wav
48	Spectrogram 1	1	6441.066804682	6442.670367043	57.1	399.4	Chinitna_HB6.1_191020205157.wav
49	Spectrogram 1	1	6463.082379594	6464.919794799	76.1	456.4	Chinitna_HB6.1_191020205157.wav
50	Spectrogram 1	1	6556.249427756	6557.418691978	190.2	418.4	Chinitna_HB6.1_191020205157.wav
51	Spectrogram 1	1	6670.262786609	6671.532273478	190.2	456.4	Chinitna_HB6.1_191020205157.wav
52	Spectrogram 1	1	6792.861885602	6794.999968750	76.1	475.4	Chinitna_HB6.1_191020205157.wav
53	Spectrogram 1	1	7848.407559600	7849.376378526	114.1	323.3	Chinitna_HB6.1_191020205157.wav
54	Spectrogram 1	1	7849.510008723	7850.378605002	76.1	361.3	Chinitna_HB6.1_191020205157.wav
55	Spectrogram 1	1	7934.913104955	7936.583482415	114.1	475.4	Chinitna_HB6.1_191020205157.wav
56	Spectrogram 1	1	7964.826261994	7965.795080921	380.3	703.6	Chinitna_HB6.1_191020205157.wav
57	Spectrogram 1	1	7970.338507610	7971.440956733	304.3	570.5	Chinitna_HB6.1_191020205157.wav
58	Spectrogram 1	1	7975.115787143	7976.051198520	285.3	570.5	Chinitna_HB6.1_191020205157.wav
59	Spectrogram 1	1	7979.091285496	7979.592398733	152.1	456.4	Chinitna_HB6.1_191020205157.wav
60	Spectrogram 1	1	7982.832931004	7983.668119734	114.1	342.3	Chinitna_HB6.1_191020205157.wav
61	Spectrogram 1	1	8001.354113771	8003.291751624	95.1	513.5	Chinitna_HB6.1_191020205157.wav
62	Spectrogram 1	1	8007.701548116	8008.803997239	114.1	361.3	Chinitna_HB6.1_191020205157.wav
63	Spectrogram 1	1	8163.287298673	8165.091306329	57.1	437.4	Chinitna_HB6.1_191020205157.wav
64	Spectrogram 1	1	10045.222678800	10046.659203415	76.1	342.3	Chinitna_HB6.1_191020205157.wav
65	Spectrogram 1	1	10095.915331431	10097.719339087	76.1	399.4	Chinitna_HB6.1_191020205157.wav
66	Spectrogram 1	1	10397.365235732	10398.300647109	38.0	361.3	Chinitna_HB6.1_191020205157.wav
67	Spectrogram 1	1	11029.496649870	11031.233842428	76.1	342.3	Chinitna_HB6.1_191020205157.wav
68	Spectrogram 1	1	11125.369709517	11127.374162468	57.1	399.4	Chinitna_HB6.1_191020205157.wav
69	Spectrogram 1	1	11332.035602775	11333.305089644	95.1	361.3	Chinitna_HB6.1_191020205157.wav
70	Spectrogram 1	1	11720.138083148	11722.342981394	57.1	437.4	Chinitna_HB6.1_191020205157.wav
71	Spectrogram 1	1	11842.971034985	11844.307336952	57.1	399.4	Chinitna_HB6.1_191020205157.wav
72	Spectrogram 1	1	12152.104675599	12153.474385115	76.1	380.3	Chinitna_HB6.1_191020205157.wav
73	Spectrogram 1	1	12888.815119200	12890.351866463	57.1	266.2	Chinitna_HB6.1_191020205157.wav
74	Spectrogram 1	1	13955.151431584	13956.788401494	95.1	361.3	Chinitna_HB6.1_191020205157.wav
75	Spectrogram 1	1	14697.922042107	14699.726049763	76.1	437.4	Chinitna_HB6.1_191020205157.wav
76	Spectrogram 1	1	16007.518914625	16009.556775125	57.1	437.4	Chinitna_HB6.1_191020205157.wav
77	Spectrogram 1	1	16187.425360987	16189.262776192	57.1	513.5	Chinitna_HB6.1_191020205157.wav
78	Spectrogram 1	1	16395.173696339	16396.677036052	76.1	399.4	Chinitna_HB6.1_191020205157.wav
79	Spectrogram 1	1	16508.184828717	16509.220462741	76.1	285.3	Chinitna_HB6.1_191020205157.wav
80	Spectrogram 1	1	16782.728255406	16784.732708357	57.1	456.4	Chinitna_HB6.1_191020205157.wav
81	Spectrogram 1	1	17061.982146529	17063.619116439	95.1	513.5	Chinitna_HB6.1_191020205157.wav
82	Spectrogram 1	1	17272.035602775	17273.238274545	95.1	399.4	Chinitna_HB6.1_191020205157.wav
83	Spectrogram 1	1	17273.371904742	17275.008874652	38.0	513.5	Chinitna_HB6.1_191020205157.wav
84	Spectrogram 1	1	17455.630280067	17457.400880174	57.1	456.4	Chinitna_HB6.1_191020205157.wav
85	Spectrogram 1	1	17580.601315052	17582.405322708	76.1	570.5	Chinitna_HB6.1_191020205157.wav
86	Spectrogram 1	1	17602.750520161	17604.721565562	76.1	456.4	Chinitna_HB6.1_191020205157.wav
87	Spectrogram 1	1	17738.759446896	17740.463231904	57.1	418.4	Chinitna_HB6.1_191020205157.wav
88	Spectrogram 1	1	17982.354082521	17985.628022341	76.1	475.4	Chinitna_HB6.1_191020205157.wav
89	Spectrogram 1	1	17994.193755452	17998.436514198	114.1	266.2	Chinitna_HB6.1_191020205157.wav
90	Spectrogram 1	1	18162.173706756	18164.244974805	76.1	456.4	Chinitna_HB6.1_191020205157.wav
91	Spectrogram 1	1	18654.754993945	18656.692631798	76.1	532.5	Chinitna_HB6.1_191020205157.wav
92	Spectrogram 1	1	18662.037839667	18664.175922815	57.1	513.5	Chinitna_HB6.1_191020205157.wav
93	Spectrogram 1	1	18818.391963855	18818.826261994	399.4	722.7	Chinitna_HB6.1_191020205157.wav
94	Spectrogram 1	1	18823.336281134	18823.737171724	494.5	1007.9	Chinitna_HB6.1_191020205157.wav
95	Spectrogram 1	1	18896.411991718	18898.483259767	95.1	475.4	Chinitna_HB6.1_191020205157.wav
96	Spectrogram 1	1	18957.140309623	18959.378615419	57.1	494.5	Chinitna_HB6.1_191020205157.wav
97	Spectrogram 1	1	19128.394200747	19129.563464968	76.1	418.4	Chinitna_HB6.1_191020205157.wav
98	Spectrogram 1	1	19141.857443068	19152.013338020	76.1	418.4	Chinitna_HB6.1_191020205157.wav
99	Spectrogram 1	1	19262.719349504	19264.489949610	76.1	532.5	Chinitna_HB6.1_191020205157.wav
100	Spectrogram 1	1	19411.556775125	19416.167016913	57.1	551.5	Chinitna_HB6.1_191020205157.wav
101	Spectrogram 1	1	19470.434277306	19475.378594585	76.1	418.4	Chinitna_HB6.1_191020205157.wav
102	Spectrogram 1	1	19625.585729723	19629.861896019	76.1	418.4	Chinitna_HB6.1_191020205157.wav
103	Spectrogram 1	1	19778.632506542	19780.169253805	76.1	513.5	Chinitna_HB6.1_191020205157.wav
104	Spectrogram 1	1	19949.118039695	19951.356345490	38.0	551.5	Chinitna_HB6.1_191020205157.wav
105	Spectrogram 1	1	19959.875270532	19960.610236614	494.5	893.8	Chinitna_HB6.1_191020205157.wav
106	Spectrogram 1	1	19965.688184090	19966.523372819	532.5	817.7	Chinitna_HB6.1_191020205157.wav
107	Spectrogram 1	1	19973.452136020	19974.153694553	513.5	950.9	Chinitna_HB6.1_191020205157.wav
108	Spectrogram 1	1	20135.953249258	20138.258370151	57.1	532.5	Chinitna_HB6.1_191020205157.wav
109	Spectrogram 1	1	20167.022269998	20168.492202162	57.1	513.5	Chinitna_HB6.1_191020205157.wav
110	Spectrogram 1	1	20217.815145277	20218.984409498	114.1	399.4	Chinitna_HB6.1_191020205157.wav
111	Spectrogram 1	1	20219.719375580	20220.487749211	57.1	494.5	Chinitna_HB6.1_191020205157.wav
112	Spectrogram 1	1	20311.616936874	20313.821835120	57.1	475.4	Chinitna_HB6.1_191020205157.wav
113	Spectrogram 1	1	20476.523393653	20478.461031505	57.1	418.4	Chinitna_HB6.1_191020205157.wav
114	Spectrogram 1	1	20575.369725176	20576.906472439	57.1	437.4	Chinitna_HB6.1_191020205157.wav
115	Spectrogram 1	1	20659.603557187	20661.340749745	133.1	627.6	Chinitna_HB6.1_191020205157.wav
116	Spectrogram 1	1	20680.563491045	20681.766162816	76.1	513.5	Chinitna_HB6.1_191020205157.wav
117	Spectrogram 1	1	20818.630285310	20820.668145810	76.1	456.4	Chinitna_HB6.1_191020205157.wav
118	Spectrogram 1	1	20975.853005777	20977.890866277	76.1	475.4	Chinitna_HB6.1_191020205157.wav
119	Spectrogram 1	1	21159.046792479	21161.251690725	57.1	570.5	Chinitna_HB6.1_191020205157.wav
120	Spectrogram 1	1	21498.881970792	21500.552348251	57.1	437.4	Chinitna_HB6.1_191020205157.wav
121	Spectrogram 1	1	21582.146983876	21583.984399081	76.1	418.4	Chinitna_HB6.1_191020205157.wav
122	Spectrogram 1	1	21781.142541342	21783.581292432	38.0	532.5	Chinitna_HB6.1_191020205157.wav
123	Spectrogram 1	1	22022.746124536	22025.652581315	57.1	570.5	Chinitna_HB6.1_191020205157.wav
