Selection	View	Channel	Begin Time (s)	End Time (s)	Low Freq (Hz)	High Freq (Hz)	Begin File
1	Spectrogram 1	1	12.060125255	14.131393305	476.8	834.4	Chinitna_HB14.1_191101202023.wav
2	Spectrogram 1	1	150.694847856	151.964334725	496.7	933.8	Chinitna_HB14.1_191101202023.wav
3	Spectrogram 1	1	196.643628503	197.612447429	238.4	457.0	Chinitna_HB14.1_191101202023.wav
4	Spectrogram 1	1	201.420908036	201.988836372	59.6	417.2	Chinitna_HB14.1_191101202023.wav
5	Spectrogram 1	1	340.737182141	343.109118133	278.1	655.6	Chinitna_HB14.1_191101202023.wav
6	Spectrogram 1	1	344.445420100	345.247201281	397.4	516.6	Chinitna_HB14.1_191101202023.wav
7	Spectrogram 1	1	412.209330364	413.645854979	178.8	715.2	Chinitna_HB14.1_191101202023.wav
8	Spectrogram 1	1	445.997763108	447.801770764	198.7	913.9	Chinitna_HB14.1_191101202023.wav
9	Spectrogram 1	1	793.717123028	794.251643815	139.1	615.9	Chinitna_HB14.1_191101202023.wav
10	Spectrogram 1	1	909.668119734	910.971014152	99.3	516.6	Chinitna_HB14.1_191101202023.wav
11	Spectrogram 1	1	1059.407549183	1060.610220954	476.8	655.6	Chinitna_HB14.1_191101202023.wav
12	Spectrogram 1	1	1081.656976939	1083.527799694	496.7	695.4	Chinitna_HB14.1_191101202023.wav
13	Spectrogram 1	1	1088.719370337	1090.456562894	258.3	675.5	Chinitna_HB14.1_191101202023.wav
14	Spectrogram 1	1	1105.256107183	1106.625816699	317.9	715.2	Chinitna_HB14.1_191101202023.wav
15	Spectrogram 1	1	1115.913115372	1117.115787143	476.8	774.8	Chinitna_HB14.1_191101202023.wav
16	Spectrogram 1	1	1121.124693045	1122.160327069	715.2	874.2	Chinitna_HB14.1_191101202023.wav
17	Spectrogram 1	1	6935.786175019	6936.888624142	440.9	690.1	Chinitna_HB14.1_191101202023.wav
18	Spectrogram 1	1	6955.997742274	6957.133598947	421.7	728.4	Chinitna_HB14.1_191101202023.wav
19	Spectrogram 1	1	7027.984404255	7029.253891124	517.6	709.3	Chinitna_HB14.1_191101202023.wav
20	Spectrogram 1	1	7035.801770764	7036.937627436	536.7	843.5	Chinitna_HB14.1_191101202023.wav
21	Spectrogram 1	1	7063.429813938	7064.565670611	594.2	766.8	Chinitna_HB14.1_191101202023.wav
22	Spectrogram 1	1	7068.674799160	7069.710433185	460.1	670.9	Chinitna_HB14.1_191101202023.wav
23	Spectrogram 1	1	7079.144762574	7080.080173951	325.9	632.6	Chinitna_HB14.1_191101202023.wav
24	Spectrogram 1	1	7299.888634558	7301.057898780	191.7	479.2	Chinitna_HB14.1_191101202023.wav
25	Spectrogram 1	1	7477.824035519	7479.327375232	115.0	479.2	Chinitna_HB14.1_191101202023.wav
26	Spectrogram 1	1	7698.768352798	7700.104654765	210.9	383.4	Chinitna_HB14.1_191101202023.wav
27	Spectrogram 1	1	7723.590161841	7725.427577046	115.0	479.2	Chinitna_HB14.1_191101202023.wav
28	Spectrogram 1	1	7729.416475919	7730.953223181	134.2	536.7	Chinitna_HB14.1_191101202023.wav
29	Spectrogram 1	1	7733.659234665	7734.828498886	287.5	440.9	Chinitna_HB14.1_191101202023.wav
30	Spectrogram 1	1	7736.131393305	7737.200434878	306.7	479.2	Chinitna_HB14.1_191101202023.wav
31	Spectrogram 1	1	7801.723812871	7803.327375232	76.7	555.9	Chinitna_HB14.1_191101202023.wav
32	Spectrogram 1	1	7808.806213298	7810.109107716	95.8	517.6	Chinitna_HB14.1_191101202023.wav
33	Spectrogram 1	1	7813.750530577	7815.587945782	115.0	517.6	Chinitna_HB14.1_191101202023.wav
34	Spectrogram 1	1	7818.260549717	7821.567897086	115.0	575.1	Chinitna_HB14.1_191101202023.wav
35	Spectrogram 1	1	7879.075689750	7879.844063382	287.5	479.2	Chinitna_HB14.1_191101202023.wav
36	Spectrogram 1	1	7917.942069970	7919.144741741	536.7	785.9	Chinitna_HB14.1_191101202023.wav
37	Spectrogram 1	1	8017.189292084	8019.193745035	57.5	498.4	Chinitna_HB14.1_191101202023.wav
38	Spectrogram 1	1	8421.180365349	8422.717112611	191.7	479.2	Chinitna_HB14.1_191101202023.wav
39	Spectrogram 1	1	8921.258344075	8922.561238493	498.4	862.6	Chinitna_HB14.1_191101202023.wav
40	Spectrogram 1	1	8931.113571084	8931.648091871	172.5	594.2	Chinitna_HB14.1_191101202023.wav
41	Spectrogram 1	1	8939.933164068	8941.369688683	134.2	517.6	Chinitna_HB14.1_191101202023.wav
42	Spectrogram 1	1	9038.345197453	9040.048982461	479.2	728.4	Chinitna_HB14.1_191101202023.wav
43	Spectrogram 1	1	9042.855216592	9044.158111011	383.4	651.8	Chinitna_HB14.1_191101202023.wav
44	Spectrogram 1	1	9050.138062314	9051.040066142	134.2	479.2	Chinitna_HB14.1_191101202023.wav
45	Spectrogram 1	1	9067.476580341	9068.812882308	383.4	747.6	Chinitna_HB14.1_191101202023.wav
46	Spectrogram 1	1	9101.298420634	9102.267239560	383.4	709.3	Chinitna_HB14.1_191101202023.wav
47	Spectrogram 1	1	9106.443183208	9107.244964388	421.7	728.4	Chinitna_HB14.1_191101202023.wav
48	Spectrogram 1	1	9111.287277840	9111.788391077	440.9	632.6	Chinitna_HB14.1_191101202023.wav
49	Spectrogram 1	1	9119.438719840	9120.641391611	325.9	575.1	Chinitna_HB14.1_191101202023.wav
50	Spectrogram 1	1	9124.550074865	9125.452078693	249.2	402.6	Chinitna_HB14.1_191101202023.wav
51	Spectrogram 1	1	9128.158090177	9128.993278907	172.5	460.1	Chinitna_HB14.1_191101202023.wav
52	Spectrogram 1	1	9520.904219887	9522.140299207	479.2	709.3	Chinitna_HB14.1_191101202023.wav
53	Spectrogram 1	1	9526.249427756	9527.953212764	460.1	728.4	Chinitna_HB14.1_191101202023.wav
54	Spectrogram 1	1	9555.080142701	9556.048961628	383.4	517.6	Chinitna_HB14.1_191101202023.wav
55	Spectrogram 1	1	9878.879697406	9880.550074865	115.0	498.4	Chinitna_HB14.1_191101202023.wav
56	Spectrogram 1	1	10011.648091871	10013.184839133	153.4	498.4	Chinitna_HB14.1_191101202023.wav
57	Spectrogram 1	1	10035.100191398	10036.369678267	95.8	402.6	Chinitna_HB14.1_191101202023.wav
