Selection	View	Channel	Begin Time (s)	End Time (s)	Low Freq (Hz)	High Freq (Hz)	Begin File
1	Spectrogram 1	1	72.641412444	73.376378526	278.1	437.1	Chinitna_HB6.2_191020205157.wav
2	Spectrogram 1	1	78.888624142	80.258333658	337.7	516.6	Chinitna_HB6.2_191020205157.wav
3	Spectrogram 1	1	88.042292618	89.412002134	337.7	635.8	Chinitna_HB6.2_191020205157.wav
4	Spectrogram 1	1	91.015564495	91.984383421	298.0	576.2	Chinitna_HB6.2_191020205157.wav
5	Spectrogram 1	1	97.530036586	98.665893258	317.9	615.9	Chinitna_HB6.2_191020205157.wav
6	Spectrogram 1	1	104.178138873	105.681478587	357.6	556.3	Chinitna_HB6.2_191020205157.wav
7	Spectrogram 1	1	111.661429890	112.964324309	317.9	715.2	Chinitna_HB6.2_191020205157.wav
8	Spectrogram 1	1	117.454336419	119.258344075	317.9	576.2	Chinitna_HB6.2_191020205157.wav
9	Spectrogram 1	1	648.668150984	650.472158640	695.4	814.6	Chinitna_HB6.2_191020205157.wav
10	Spectrogram 1	1	651.908683254	653.211577673	457.0	695.4	Chinitna_HB6.2_191020205157.wav
11	Spectrogram 1	1	653.645875812	654.581287189	437.1	735.1	Chinitna_HB6.2_191020205157.wav
12	Spectrogram 1	1	655.750551411	656.652555238	337.7	794.7	Chinitna_HB6.2_191020205157.wav
13	Spectrogram 1	1	657.521151517	658.456562894	377.5	715.2	Chinitna_HB6.2_191020205157.wav
14	Spectrogram 1	1	1623.106902074	1624.175943648	59.6	258.3	Chinitna_HB6.2_191020205157.wav
15	Spectrogram 1	1	2939.485507076	2940.120250510	305.7	515.9	Chinitna_HB6.2_191020205157.wav
16	Spectrogram 1	1	2948.004432118	2948.973251044	420.4	592.4	Chinitna_HB6.2_191020205157.wav
17	Spectrogram 1	1	2972.572381287	2973.574607763	152.9	382.2	Chinitna_HB6.2_191020205157.wav
18	Spectrogram 1	1	2974.209351197	2974.810687082	210.2	649.7	Chinitna_HB6.2_191020205157.wav
19	Spectrogram 1	1	2998.363009257	2999.899756519	687.9	859.9	Chinitna_HB6.2_191020205157.wav
20	Spectrogram 1	1	3611.538942488	3612.875244455	783.4	936.3	Chinitna_HB6.2_191020205157.wav
21	Spectrogram 1	1	3615.414218193	3616.149184275	764.3	917.2	Chinitna_HB6.2_191020205157.wav
22	Spectrogram 1	1	5203.944306862	5204.946533338	172.0	420.4	Chinitna_HB6.2_191020205157.wav
23	Spectrogram 1	1	5559.848516333	5561.752746636	630.6	879.0	Chinitna_HB6.2_191020205157.wav
24	Spectrogram 1	1	5563.022233505	5565.193724202	687.9	898.1	Chinitna_HB6.2_191020205157.wav
25	Spectrogram 1	1	6030.514451257	6031.048972044	401.3	802.5	Chinitna_HB6.2_191020205157.wav
26	Spectrogram 1	1	6032.786164602	6033.487723135	649.7	974.5	Chinitna_HB6.2_191020205157.wav
27	Spectrogram 1	1	6105.207124722	6106.643649336	57.3	439.5	Chinitna_HB6.2_191020205157.wav
28	Spectrogram 1	1	6345.093522388	6346.396416806	76.4	458.6	Chinitna_HB6.2_191020205157.wav
29	Spectrogram 1	1	7041.614684322	7042.884171191	95.5	420.4	Chinitna_HB6.2_191020205157.wav
30	Spectrogram 1	1	7112.719349504	7113.788391077	248.4	401.3	Chinitna_HB6.2_191020205157.wav
31	Spectrogram 1	1	7142.331822476	7144.369682976	707.0	898.1	Chinitna_HB6.2_191020205157.wav
32	Spectrogram 1	1	7147.409769952	7149.046739862	477.7	745.2	Chinitna_HB6.2_191020205157.wav
33	Spectrogram 1	1	7477.723796747	7478.458762829	668.8	840.8	Chinitna_HB6.2_191020205157.wav
34	Spectrogram 1	1	7479.628027051	7480.563438428	917.2	1051.0	Chinitna_HB6.2_191020205157.wav
35	Spectrogram 1	1	7483.904193346	7485.374125510	382.2	1070.1	Chinitna_HB6.2_191020205157.wav
36	Spectrogram 1	1	7536.233815887	7537.737155600	57.3	439.5	Chinitna_HB6.2_191020205157.wav
37	Spectrogram 1	1	7781.532236521	7782.901946037	95.5	439.5	Chinitna_HB6.2_191020205157.wav
38	Spectrogram 1	1	7842.861890312	7845.033381009	57.3	554.1	Chinitna_HB6.2_191020205157.wav
39	Spectrogram 1	1	7945.603504570	7946.505508398	324.8	592.4	Chinitna_HB6.2_191020205157.wav
40	Spectrogram 1	1	8202.541152840	8203.008858528	324.8	1051.0	Chinitna_HB6.2_191020205157.wav
41	Spectrogram 1	1	8205.915315307	8206.516651192	324.8	917.2	Chinitna_HB6.2_191020205157.wav
42	Spectrogram 1	1	8213.064530832	8213.665866718	152.9	840.8	Chinitna_HB6.2_191020205157.wav
43	Spectrogram 1	1	8219.044482136	8219.679225571	133.8	420.4	Chinitna_HB6.2_191020205157.wav
44	Spectrogram 1	1	8230.416449378	8231.118007911	210.2	458.6	Chinitna_HB6.2_191020205157.wav
45	Spectrogram 1	1	8231.886381542	8232.387494780	324.8	592.4	Chinitna_HB6.2_191020205157.wav
46	Spectrogram 1	1	8244.681472880	8245.182586117	554.1	840.8	Chinitna_HB6.2_191020205157.wav
47	Spectrogram 1	1	8251.630243110	8252.465431839	802.5	1108.3	Chinitna_HB6.2_191020205157.wav
48	Spectrogram 1	1	8255.438703717	8256.641375487	382.2	630.6	Chinitna_HB6.2_191020205157.wav
49	Spectrogram 1	1	8472.775005684	8473.409749118	305.7	515.9	Chinitna_HB6.2_191020205157.wav
50	Spectrogram 1	1	8475.146941676	8475.815092660	324.8	879.0	Chinitna_HB6.2_191020205157.wav
51	Spectrogram 1	1	10113.567901796	10114.202645230	726.1	1031.8	Chinitna_HB6.2_191020205157.wav
52	Spectrogram 1	1	10122.754977821	10123.089053313	267.5	840.8	Chinitna_HB6.2_191020205157.wav
53	Spectrogram 1	1	10129.870785797	10130.505529232	229.3	649.7	Chinitna_HB6.2_191020205157.wav
54	Spectrogram 1	1	10130.639159428	10131.173680215	210.2	630.6	Chinitna_HB6.2_191020205157.wav
55	Spectrogram 1	1	10139.625790159	10140.694831733	477.7	687.9	Chinitna_HB6.2_191020205157.wav
56	Spectrogram 1	1	10152.554511693	10153.423107971	324.8	955.4	Chinitna_HB6.2_191020205157.wav
57	Spectrogram 1	1	10157.966534660	10158.501055447	286.6	573.2	Chinitna_HB6.2_191020205157.wav
58	Spectrogram 1	1	10158.768315841	10159.236021529	267.5	458.6	Chinitna_HB6.2_191020205157.wav
59	Spectrogram 1	1	10174.750524870	10176.020011739	267.5	535.0	Chinitna_HB6.2_191020205157.wav
60	Spectrogram 1	1	10179.761657248	10180.229362936	267.5	936.3	Chinitna_HB6.2_191020205157.wav
61	Spectrogram 1	1	10180.463215780	10180.964329018	191.1	840.8	Chinitna_HB6.2_191020205157.wav
62	Spectrogram 1	1	10184.338491486	10185.340717961	649.7	859.9	Chinitna_HB6.2_191020205157.wav
63	Spectrogram 1	1	10186.910872773	10187.579023756	649.7	879.0	Chinitna_HB6.2_191020205157.wav
64	Spectrogram 1	1	10188.614657781	10189.015548371	707.0	993.6	Chinitna_HB6.2_191020205157.wav
65	Spectrogram 1	1	10191.187039068	10192.857416527	363.1	554.1	Chinitna_HB6.2_191020205157.wav
66	Spectrogram 1	1	10196.799507331	10198.135809298	248.4	1031.8	Chinitna_HB6.2_191020205157.wav
67	Spectrogram 1	1	10201.175896274	10201.576786864	267.5	879.0	Chinitna_HB6.2_191020205157.wav
68	Spectrogram 1	1	10206.454289045	10206.855179635	229.3	859.9	Chinitna_HB6.2_191020205157.wav
69	Spectrogram 1	1	10210.864085537	10211.432013873	191.1	974.5	Chinitna_HB6.2_191020205157.wav
70	Spectrogram 1	1	10215.708180169	10216.209293407	477.7	917.2	Chinitna_HB6.2_191020205157.wav
71	Spectrogram 1	1	10229.151415460	10229.719343796	210.2	515.9	Chinitna_HB6.2_191020205157.wav
72	Spectrogram 1	1	10522.603514987	10523.438703717	630.6	974.5	Chinitna_HB6.2_191020205157.wav
73	Spectrogram 1	1	10527.013311479	10527.514424717	248.4	955.4	Chinitna_HB6.2_191020205157.wav
74	Spectrogram 1	1	10531.089032480	10531.556738168	210.2	974.5	Chinitna_HB6.2_191020205157.wav
75	Spectrogram 1	1	10535.799496914	10536.400832800	248.4	859.9	Chinitna_HB6.2_191020205157.wav
76	Spectrogram 1	1	10540.109070759	10540.743814194	114.6	821.7	Chinitna_HB6.2_191020205157.wav
77	Spectrogram 1	1	10556.224909985	10557.160321362	172.0	401.3	Chinitna_HB6.2_191020205157.wav
78	Spectrogram 1	1	10562.305083937	10563.040050019	172.0	821.7	Chinitna_HB6.2_191020205157.wav
79	Spectrogram 1	1	10568.786148478	10569.320669265	267.5	515.9	Chinitna_HB6.2_191020205157.wav
80	Spectrogram 1	1	10573.329575167	10574.031133700	95.5	687.9	Chinitna_HB6.2_191020205157.wav
81	Spectrogram 1	1	10579.075673627	10579.777232159	76.4	458.6	Chinitna_HB6.2_191020205157.wav
82	Spectrogram 1	1	10589.432013873	10590.801723390	324.8	630.6	Chinitna_HB6.2_191020205157.wav
83	Spectrogram 1	1	10594.844036841	10596.013301063	286.6	573.2	Chinitna_HB6.2_191020205157.wav
84	Spectrogram 1	1	10602.507766124	10603.777252993	172.0	515.9	Chinitna_HB6.2_191020205157.wav
85	Spectrogram 1	1	10626.293941142	10627.964318602	439.5	687.9	Chinitna_HB6.2_191020205157.wav
86	Spectrogram 1	1	10632.507745290	10633.944269905	152.9	305.7	Chinitna_HB6.2_191020205157.wav
87	Spectrogram 1	1	10639.790591012	10640.291704250	133.8	515.9	Chinitna_HB6.2_191020205157.wav
