Selection	View	Channel	Begin Time (s)	End Time (s)	Low Freq (Hz)	High Freq (Hz)	Begin File
1	Spectrogram 1	1	77.953212764	79.189292084	79.7	398.7	Chinitna_HB12_191030202043.wav
2	Spectrogram 1	1	424.002195226	425.338497193	438.5	777.4	Chinitna_HB12_191030202043.wav
3	Spectrogram 1	1	431.852969284	432.621342915	458.5	777.4	Chinitna_HB12_191030202043.wav
4	Spectrogram 1	1	1079.151410751	1080.120229677	439.5	726.1	Chinitna_HB12_191030202043.wav
5	Spectrogram 1	1	1084.663656366	1085.532252645	343.9	649.7	Chinitna_HB12_191030202043.wav
6	Spectrogram 1	1	1091.759457313	1092.661461140	305.7	764.3	Chinitna_HB12_191030202043.wav
7	Spectrogram 1	1	1101.848537166	1102.249427756	191.1	477.7	Chinitna_HB12_191030202043.wav
8	Spectrogram 1	1	1107.628043175	1108.028933765	210.2	535.0	Chinitna_HB12_191030202043.wav
9	Spectrogram 1	1	1113.207103888	1114.276145462	382.2	573.2	Chinitna_HB12_191030202043.wav
10	Spectrogram 1	1	1119.387500487	1121.024470397	248.4	401.3	Chinitna_HB12_191030202043.wav
11	Spectrogram 1	1	1156.416465502	1157.819582568	229.3	477.7	Chinitna_HB12_191030202043.wav
12	Spectrogram 1	1	1184.345176619	1185.280587996	439.5	649.7	Chinitna_HB12_191030202043.wav
13	Spectrogram 1	1	1334.084606069	1334.852979700	439.5	649.7	Chinitna_HB12_191030202043.wav
14	Spectrogram 1	1	1361.057898780	1361.993310157	439.5	649.7	Chinitna_HB12_191030202043.wav
15	Spectrogram 1	1	1661.792844028	1663.095738447	286.6	668.8	Chinitna_HB12_191030202043.wav
16	Spectrogram 1	1	1666.570123562	1667.405312291	286.6	687.9	Chinitna_HB12_191030202043.wav
17	Spectrogram 1	1	1671.247180447	1671.948738980	286.6	687.9	Chinitna_HB12_191030202043.wav
18	Spectrogram 1	1	1691.672593518	1692.875265289	382.2	649.7	Chinitna_HB12_191030202043.wav
19	Spectrogram 1	1	1755.661450724	1756.997752691	477.7	649.7	Chinitna_HB12_191030202043.wav
20	Spectrogram 1	1	1833.614663488	1834.516667316	515.9	707.0	Chinitna_HB12_191030202043.wav
21	Spectrogram 1	1	3775.409765242	3776.311769070	592.4	745.2	Chinitna_HB12_191030202043.wav
22	Spectrogram 1	1	3777.881923882	3778.583482415	668.8	764.3	Chinitna_HB12_191030202043.wav
23	Spectrogram 1	1	3817.583492831	3819.253870290	554.1	707.0	Chinitna_HB12_191030202043.wav
24	Spectrogram 1	1	3982.890840200	3984.694847856	172.0	535.0	Chinitna_HB12_191030202043.wav
25	Spectrogram 1	1	4576.924247750	4578.360772365	114.6	439.5	Chinitna_HB12_191030202043.wav
26	Spectrogram 1	1	5444.732708357	5446.269455619	76.4	420.4	Chinitna_HB12_191030202043.wav
27	Spectrogram 1	1	5688.340744502	5690.345197453	76.4	535.0	Chinitna_HB12_191030202043.wav
28	Spectrogram 1	1	5874.494402561	5875.797296979	267.5	420.4	Chinitna_HB12_191030202043.wav
29	Spectrogram 1	1	6318.654750464	6320.692610964	114.6	477.7	Chinitna_HB12_191030202043.wav
30	Spectrogram 1	1	6545.224936526	6547.028944182	95.5	477.7	Chinitna_HB12_191030202043.wav
31	Spectrogram 1	1	6547.630280067	6548.766136739	76.4	477.7	Chinitna_HB12_191030202043.wav
32	Spectrogram 1	1	6722.325148756	6724.229379060	95.5	496.8	Chinitna_HB12_191030202043.wav
33	Spectrogram 1	1	7004.184828717	7005.587945782	76.4	477.7	Chinitna_HB12_191030202043.wav
34	Spectrogram 1	1	7112.351866463	7113.521130684	248.4	458.6	Chinitna_HB12_191030202043.wav
35	Spectrogram 1	1	7135.015585329	7135.917589156	439.5	573.2	Chinitna_HB12_191030202043.wav
36	Spectrogram 1	1	7141.329612124	7142.799544288	248.4	420.4	Chinitna_HB12_191030202043.wav
37	Spectrogram 1	1	7308.140299207	7309.075710584	172.0	420.4	Chinitna_HB12_191030202043.wav
38	Spectrogram 1	1	7531.656997773	7533.093522388	95.5	496.8	Chinitna_HB12_191030202043.wav
39	Spectrogram 1	1	7609.910878480	7611.781701234	114.6	496.8	Chinitna_HB12_191030202043.wav
40	Spectrogram 1	1	7766.198187570	7768.202640521	95.5	535.0	Chinitna_HB12_191030202043.wav
41	Spectrogram 1	1	7960.282835305	7962.354103355	76.4	439.5	Chinitna_HB12_191030202043.wav
42	Spectrogram 1	1	8114.933174485	8117.204887829	76.4	668.8	Chinitna_HB12_191030202043.wav
43	Spectrogram 1	1	8434.022264755	8434.489970444	133.8	439.5	Chinitna_HB12_191030202043.wav
44	Spectrogram 1	1	8437.830725362	8438.298431050	152.9	439.5	Chinitna_HB12_191030202043.wav
45	Spectrogram 1	1	8482.209351197	8483.812913558	95.5	420.4	Chinitna_HB12_191030202043.wav
46	Spectrogram 1	1	8728.910888897	8730.046745569	133.8	363.1	Chinitna_HB12_191030202043.wav
47	Spectrogram 1	1	8794.436493365	8796.106870824	496.8	649.7	Chinitna_HB12_191030202043.wav
48	Spectrogram 1	1	8969.378615419	8971.082400427	210.2	439.5	Chinitna_HB12_191030202043.wav
49	Spectrogram 1	1	9345.908683254	9346.443204041	114.6	592.4	Chinitna_HB12_191030202043.wav
50	Spectrogram 1	1	9360.374152051	9361.342970977	172.0	458.6	Chinitna_HB12_191030202043.wav
51	Spectrogram 1	1	9366.888624142	9367.523367576	76.4	363.1	Chinitna_HB12_191030202043.wav
52	Spectrogram 1	1	9378.247190864	9379.383047536	420.4	649.7	Chinitna_HB12_191030202043.wav
53	Spectrogram 1	1	9395.919784382	9396.387490071	152.9	477.7	Chinitna_HB12_191030202043.wav
54	Spectrogram 1	1	9411.935400960	9413.271702928	76.4	439.5	Chinitna_HB12_191030202043.wav
55	Spectrogram 1	1	9688.683725896	9689.318469330	496.8	649.7	Chinitna_HB12_191030202043.wav
56	Spectrogram 1	1	9699.674809577	9700.509998306	152.9	649.7	Chinitna_HB12_191030202043.wav
57	Spectrogram 1	1	9704.485496659	9705.621353331	152.9	611.5	Chinitna_HB12_191030202043.wav
58	Spectrogram 1	1	9722.525573218	9724.530026169	95.5	535.0	Chinitna_HB12_191030202043.wav
59	Spectrogram 1	1	9809.445409684	9809.879707823	114.6	439.5	Chinitna_HB12_191030202043.wav
60	Spectrogram 1	1	9824.144731324	9825.313995546	305.7	477.7	Chinitna_HB12_191030202043.wav
61	Spectrogram 1	1	9828.888603308	9829.322901448	114.6	382.2	Chinitna_HB12_191030202043.wav
62	Spectrogram 1	1	9874.603531111	9876.507761414	76.4	382.2	Chinitna_HB12_191030202043.wav
63	Spectrogram 1	1	9987.013327603	9989.318448497	76.4	515.9	Chinitna_HB12_191030202043.wav
64	Spectrogram 1	1	10083.487723135	10085.592398733	95.5	305.7	Chinitna_HB12_191030202043.wav
65	Spectrogram 1	1	10093.710433185	10094.579029464	133.8	267.5	Chinitna_HB12_191030202043.wav
66	Spectrogram 1	1	10097.418671144	10098.187044775	95.5	248.4	Chinitna_HB12_191030202043.wav
67	Spectrogram 1	1	10099.924237333	10100.458758120	152.9	305.7	Chinitna_HB12_191030202043.wav
68	Spectrogram 1	1	10101.227131751	10102.062320481	76.4	286.6	Chinitna_HB12_191030202043.wav
69	Spectrogram 1	1	10120.783948543	10121.986620314	133.8	286.6	Chinitna_HB12_191030202043.wav
70	Spectrogram 1	1	10129.870801921	10130.672583101	114.6	267.5	Chinitna_HB12_191030202043.wav
71	Spectrogram 1	1	10153.389716546	10155.460984595	95.5	535.0	Chinitna_HB12_191030202043.wav
72	Spectrogram 1	1	10432.322932698	10434.461015845	57.3	535.0	Chinitna_HB12_191030202043.wav
73	Spectrogram 1	1	10483.917589156	10485.387521321	95.5	439.5	Chinitna_HB12_191030202043.wav
74	Spectrogram 1	1	10495.877491764	10496.512235199	133.8	477.7	Chinitna_HB12_191030202043.wav
75	Spectrogram 1	1	10500.788401494	10501.623590224	114.6	420.4	Chinitna_HB12_191030202043.wav
76	Spectrogram 1	1	10509.607994478	10510.342960561	248.4	592.4	Chinitna_HB12_191030202043.wav
77	Spectrogram 1	1	10517.525583635	10518.694847856	248.4	630.6	Chinitna_HB12_191030202043.wav
78	Spectrogram 1	1	10530.086822128	10530.988825956	76.4	210.2	Chinitna_HB12_191030202043.wav
79	Spectrogram 1	1	10532.692610964	10534.997731858	95.5	210.2	Chinitna_HB12_191030202043.wav
80	Spectrogram 1	1	10574.465447963	10575.100191398	439.5	649.7	Chinitna_HB12_191030202043.wav
81	Spectrogram 1	1	10767.848537166	10769.051208937	496.8	668.8	Chinitna_HB12_191030202043.wav
82	Spectrogram 1	1	10776.100201814	10776.968798093	477.7	707.0	Chinitna_HB12_191030202043.wav
83	Spectrogram 1	1	10781.712670077	10782.314005962	477.7	764.3	Chinitna_HB12_191030202043.wav
84	Spectrogram 1	1	10945.683715479	10947.220462741	76.4	649.7	Chinitna_HB12_191030202043.wav
85	Spectrogram 1	1	11478.334054659	11480.138062314	76.4	477.7	Chinitna_HB12_191030202043.wav
86	Spectrogram 1	1	11880.768373631	11882.839641681	76.4	496.8	Chinitna_HB12_191030202043.wav
87	Spectrogram 1	1	12179.866348970	12182.004432118	76.4	477.7	Chinitna_HB12_191030202043.wav
88	Spectrogram 1	1	12352.590172258	12354.995515799	76.4	573.2	Chinitna_HB12_191030202043.wav
89	Spectrogram 1	1	12503.031160240	12505.169243388	95.5	535.0	Chinitna_HB12_191030202043.wav
90	Spectrogram 1	1	12742.850742808	12744.855195759	76.4	554.1	Chinitna_HB12_191030202043.wav
91	Spectrogram 1	1	12915.153668476	12917.258344075	76.4	554.1	Chinitna_HB12_191030202043.wav
92	Spectrogram 1	1	13437.467674439	13439.705980234	76.4	592.4	Chinitna_HB12_191030202043.wav
93	Spectrogram 1	1	13843.476601174	13845.013348436	57.3	515.9	Chinitna_HB12_191030202043.wav
94	Spectrogram 1	1	13953.046755986	13954.650318346	95.5	515.9	Chinitna_HB12_191030202043.wav
95	Spectrogram 1	1	14030.498855512	14032.302863168	76.4	554.1	Chinitna_HB12_191030202043.wav
96	Spectrogram 1	1	14111.037850084	14112.975487936	57.3	535.0	Chinitna_HB12_191030202043.wav
97	Spectrogram 1	1	14247.734934832	14249.973240627	57.3	535.0	Chinitna_HB12_191030202043.wav
98	Spectrogram 1	1	14284.563454552	14285.966571617	57.3	420.4	Chinitna_HB12_191030202043.wav
99	Spectrogram 1	1	14344.042292618	14346.046745569	76.4	477.7	Chinitna_HB12_191030202043.wav
100	Spectrogram 1	1	14366.759426063	14368.630248817	76.4	458.6	Chinitna_HB12_191030202043.wav
101	Spectrogram 1	1	14433.066804682	14434.603551944	76.4	477.7	Chinitna_HB12_191030202043.wav
102	Spectrogram 1	1	14507.545632331	14509.082379594	57.3	496.8	Chinitna_HB12_191030202043.wav
103	Spectrogram 1	1	14522.979920054	14525.051188103	95.5	554.1	Chinitna_HB12_191030202043.wav
104	Spectrogram 1	1	14571.100191398	14572.904199053	76.4	515.9	Chinitna_HB12_191030202043.wav
105	Spectrogram 1	1	14687.719339087	14689.757199587	95.5	515.9	Chinitna_HB12_191030202043.wav
106	Spectrogram 1	1	14744.906456779	14747.278392771	114.6	515.9	Chinitna_HB12_191030202043.wav
107	Spectrogram 1	1	14844.474353865	14846.679252111	76.4	630.6	Chinitna_HB12_191030202043.wav
108	Spectrogram 1	1	14947.262776192	14949.267229143	114.6	439.5	Chinitna_HB12_191030202043.wav
109	Spectrogram 1	1	15192.407559600	15193.643638920	95.5	420.4	Chinitna_HB12_191030202043.wav
110	Spectrogram 1	1	15196.015574912	15197.752767469	95.5	458.6	Chinitna_HB12_191030202043.wav
111	Spectrogram 1	1	15344.051219353	15345.988857206	76.4	458.6	Chinitna_HB12_191030202043.wav
112	Spectrogram 1	1	15379.830704529	15381.100191398	76.4	420.4	Chinitna_HB12_191030202043.wav
113	Spectrogram 1	1	15436.269455619	15438.374131218	76.4	611.5	Chinitna_HB12_191030202043.wav
114	Spectrogram 1	1	15505.015585329	15506.184849550	76.4	458.6	Chinitna_HB12_191030202043.wav
115	Spectrogram 1	1	15519.213793731	15521.017801387	57.3	496.8	Chinitna_HB12_191030202043.wav
116	Spectrogram 1	1	15782.832951837	15784.536736846	57.3	439.5	Chinitna_HB12_191030202043.wav
117	Spectrogram 1	1	15917.592398733	15919.195961094	76.4	401.3	Chinitna_HB12_191030202043.wav
118	Spectrogram 1	1	16004.244974805	16005.748314518	57.3	420.4	Chinitna_HB12_191030202043.wav
119	Spectrogram 1	1	16280.325148756	16282.797307396	38.2	496.8	Chinitna_HB12_191030202043.wav
120	Spectrogram 1	1	16448.939843495	16450.342960561	95.5	420.4	Chinitna_HB12_191030202043.wav
121	Spectrogram 1	1	16471.556754292	16473.026686456	76.4	401.3	Chinitna_HB12_191030202043.wav
122	Spectrogram 1	1	16698.761683788	16700.298431050	95.5	420.4	Chinitna_HB12_191030202043.wav
123	Spectrogram 1	1	16790.178138873	16791.213772898	248.4	611.5	Chinitna_HB12_191030202043.wav
124	Spectrogram 1	1	16812.674819994	16813.810676666	363.1	630.6	Chinitna_HB12_191030202043.wav
125	Spectrogram 1	1	16817.452099527	16818.220473158	133.8	592.4	Chinitna_HB12_191030202043.wav
126	Spectrogram 1	1	16848.855195759	16851.160316653	152.9	535.0	Chinitna_HB12_191030202043.wav
127	Spectrogram 1	1	17036.391963855	17038.262786609	76.4	458.6	Chinitna_HB12_191030202043.wav
128	Spectrogram 1	1	17110.570123562	17112.240501021	76.4	496.8	Chinitna_HB12_191030202043.wav
129	Spectrogram 1	1	17233.349660820	17234.719370337	57.3	458.6	Chinitna_HB12_191030202043.wav
130	Spectrogram 1	1	17234.752777886	17236.890861034	76.4	515.9	Chinitna_HB12_191030202043.wav
131	Spectrogram 1	1	17339.011132378	17340.982177779	95.5	439.5	Chinitna_HB12_191030202043.wav
132	Spectrogram 1	1	17368.242737913	17370.080153118	57.3	439.5	Chinitna_HB12_191030202043.wav
133	Spectrogram 1	1	17474.906435946	17476.743851151	38.2	458.6	Chinitna_HB12_191030202043.wav
134	Spectrogram 1	1	17494.683705062	17496.354082521	114.6	458.6	Chinitna_HB12_191030202043.wav
135	Spectrogram 1	1	17607.040086976	17608.777279533	95.5	535.0	Chinitna_HB12_191030202043.wav
136	Spectrogram 1	1	17726.164800854	17727.868585862	95.5	439.5	Chinitna_HB12_191030202043.wav
137	Spectrogram 1	1	17749.082379594	17750.819572151	95.5	439.5	Chinitna_HB12_191030202043.wav
138	Spectrogram 1	1	17842.082390010	17843.919805215	76.4	420.4	Chinitna_HB12_191030202043.wav
139	Spectrogram 1	1	18080.966561201	18082.302863168	95.5	496.8	Chinitna_HB12_191030202043.wav
140	Spectrogram 1	1	18152.953223181	18154.723823288	57.3	420.4	Chinitna_HB12_191030202043.wav
141	Spectrogram 1	1	18260.719370337	18263.191528976	76.4	458.6	Chinitna_HB12_191030202043.wav
142	Spectrogram 1	1	18471.875275705	18473.879728656	76.4	496.8	Chinitna_HB12_191030202043.wav
143	Spectrogram 1	1	18576.200445295	18577.603562361	76.4	439.5	Chinitna_HB12_191030202043.wav
144	Spectrogram 1	1	18605.699311224	18607.503318880	95.5	535.0	Chinitna_HB12_191030202043.wav
145	Spectrogram 1	1	18800.552332591	18802.857453485	76.4	477.7	Chinitna_HB12_191030202043.wav
146	Spectrogram 1	1	19053.033376299	19054.837383955	76.4	496.8	Chinitna_HB12_191030202043.wav
147	Spectrogram 1	1	19139.218246682	19140.821809043	76.4	554.1	Chinitna_HB12_191030202043.wav
148	Spectrogram 1	1	19141.423144929	19143.494412978	76.4	707.0	Chinitna_HB12_191030202043.wav
149	Spectrogram 1	1	19290.026717706	19290.995536632	76.4	458.6	Chinitna_HB12_191030202043.wav
150	Spectrogram 1	1	19299.113571084	19300.616910797	95.5	477.7	Chinitna_HB12_191030202043.wav
151	Spectrogram 1	1	19326.474353865	19328.812882308	95.5	592.4	Chinitna_HB12_191030202043.wav
152	Spectrogram 1	1	19360.329601707	19361.632496126	76.4	458.6	Chinitna_HB12_191030202043.wav
153	Spectrogram 1	1	19405.777269117	19407.514461674	38.2	573.2	Chinitna_HB12_191030202043.wav
154	Spectrogram 1	1	19537.429813938	19539.634712184	133.8	573.2	Chinitna_HB12_191030202043.wav
155	Spectrogram 1	1	19544.011101128	19544.846289857	229.3	458.6	Chinitna_HB12_191030202043.wav
156	Spectrogram 1	1	19568.779495592	19569.180386182	191.1	458.6	Chinitna_HB12_191030202043.wav
157	Spectrogram 1	1	19599.848516333	19602.521120267	172.0	458.6	Chinitna_HB12_191030202043.wav
158	Spectrogram 1	1	19691.846300274	19693.650307930	114.6	458.6	Chinitna_HB12_191030202043.wav
159	Spectrogram 1	1	19720.089079853	19722.327385649	57.3	630.6	Chinitna_HB12_191030202043.wav
160	Spectrogram 1	1	19823.044539927	19824.113581501	76.4	439.5	Chinitna_HB12_191030202043.wav
161	Spectrogram 1	1	19827.721596812	19829.993310157	114.6	630.6	Chinitna_HB12_191030202043.wav
162	Spectrogram 1	1	19858.723802455	19860.260549717	57.3	515.9	Chinitna_HB12_191030202043.wav
163	Spectrogram 1	1	19897.991073265	19899.093522388	114.6	439.5	Chinitna_HB12_191030202043.wav
164	Spectrogram 1	1	20038.543426689	20040.648102287	76.4	477.7	Chinitna_HB12_191030202043.wav
165	Spectrogram 1	1	20041.516698566	20043.287298673	76.4	611.5	Chinitna_HB12_191030202043.wav
166	Spectrogram 1	1	20121.407549183	20122.443183208	133.8	401.3	Chinitna_HB12_191030202043.wav
167	Spectrogram 1	1	20250.902003828	20253.040086976	76.4	496.8	Chinitna_HB12_191030202043.wav
168	Spectrogram 1	1	20400.193734619	20401.897519627	133.8	496.8	Chinitna_HB12_191030202043.wav
169	Spectrogram 1	1	20419.416475919	20420.485517493	76.4	420.4	Chinitna_HB12_191030202043.wav
170	Spectrogram 1	1	20432.645865395	20434.182612658	152.9	554.1	Chinitna_HB12_191030202043.wav
171	Spectrogram 1	1	20569.677025636	20571.180365349	191.1	477.7	Chinitna_HB12_191030202043.wav
172	Spectrogram 1	1	20718.614673905	20719.583492831	76.4	458.6	Chinitna_HB12_191030202043.wav
173	Spectrogram 1	1	21458.044529510	21459.380831477	76.4	687.9	Chinitna_HB12_191030202043.wav
174	Spectrogram 1	1	21551.703543894	21552.605547722	76.4	420.4	Chinitna_HB12_191030202043.wav
