Selection	View	Channel	Begin Time (s)	End Time (s)	Low Freq (Hz)	High Freq (Hz)	Begin File
1	Spectrogram 1	1	112.062320481	112.897509210	446.6	621.4	Chinitna_HB10.2_191029202054.wav
2	Spectrogram 1	1	135.861896019	136.763899847	427.2	660.2	Chinitna_HB10.2_191029202054.wav
3	Spectrogram 1	1	1459.469932164	1460.538973738	466.0	718.4	Chinitna_HB10.2_191029202054.wav
4	Spectrogram 1	1	1540.563454552	1541.265013085	582.5	796.1	Chinitna_HB10.2_191029202054.wav
5	Spectrogram 1	1	1549.884160774	1550.619126856	563.1	815.5	Chinitna_HB10.2_191029202054.wav
6	Spectrogram 1	1	1555.162553545	1555.763889430	524.3	737.9	Chinitna_HB10.2_191029202054.wav
7	Spectrogram 1	1	1559.772795332	1560.407538767	388.3	718.4	Chinitna_HB10.2_191029202054.wav
8	Spectrogram 1	1	1564.249406923	1564.850742808	524.3	737.9	Chinitna_HB10.2_191029202054.wav
9	Spectrogram 1	1	1568.325127923	1568.826241161	174.8	621.4	Chinitna_HB10.2_191029202054.wav
10	Spectrogram 1	1	1829.405312291	1830.841836906	233.0	407.8	Chinitna_HB10.2_191029202054.wav
11	Spectrogram 1	1	2132.458778953	2134.429824355	77.7	446.6	Chinitna_HB10.2_191029202054.wav
12	Spectrogram 1	1	2283.033397133	2284.603551944	77.7	466.0	Chinitna_HB10.2_191029202054.wav
13	Spectrogram 1	1	2309.558991184	2310.293957266	485.4	737.9	Chinitna_HB10.2_191029202054.wav
14	Spectrogram 1	1	2327.044539927	2327.579060714	504.9	757.3	Chinitna_HB10.2_191029202054.wav
15	Spectrogram 1	1	2430.400890590	2432.171490697	97.1	524.3	Chinitna_HB10.2_191029202054.wav
16	Spectrogram 1	1	2547.521151517	2548.289525148	407.8	699.0	Chinitna_HB10.2_191029202054.wav
17	Spectrogram 1	1	2603.024491231	2603.893087509	582.5	835.0	Chinitna_HB10.2_191029202054.wav
18	Spectrogram 1	1	2609.238295379	2610.273929403	543.7	873.8	Chinitna_HB10.2_191029202054.wav
19	Spectrogram 1	1	2816.886408083	2818.423155345	77.7	466.0	Chinitna_HB10.2_191029202054.wav
20	Spectrogram 1	1	2888.659224248	2889.160337486	543.7	757.3	Chinitna_HB10.2_191029202054.wav
21	Spectrogram 1	1	2893.002205642	2893.570133978	563.1	776.7	Chinitna_HB10.2_191029202054.wav
22	Spectrogram 1	1	2984.665914091	2985.768363215	485.4	737.9	Chinitna_HB10.2_191029202054.wav
23	Spectrogram 1	1	3011.391953438	3012.761662955	194.2	543.7	Chinitna_HB10.2_191029202054.wav
24	Spectrogram 1	1	3014.265002668	3015.367451791	679.6	854.4	Chinitna_HB10.2_191029202054.wav
25	Spectrogram 1	1	3021.982146529	3022.817335259	427.2	737.9	Chinitna_HB10.2_191029202054.wav
26	Spectrogram 1	1	3090.394200747	3092.131393305	97.1	485.4	Chinitna_HB10.2_191029202054.wav
27	Spectrogram 1	1	3101.986620314	3103.256107183	427.2	621.4	Chinitna_HB10.2_191029202054.wav
28	Spectrogram 1	1	3107.799533872	3109.069020741	271.8	485.4	Chinitna_HB10.2_191029202054.wav
29	Spectrogram 1	1	3207.447646576	3210.153658060	77.7	485.4	Chinitna_HB10.2_191029202054.wav
30	Spectrogram 1	1	3266.893077093	3268.797307396	77.7	524.3	Chinitna_HB10.2_191029202054.wav
31	Spectrogram 1	1	3327.040066142	3327.741624675	582.5	699.0	Chinitna_HB10.2_191029202054.wav
32	Spectrogram 1	1	3331.884160774	3333.020017446	504.9	660.2	Chinitna_HB10.2_191029202054.wav
33	Spectrogram 1	1	3338.064557373	3338.699300807	485.4	640.8	Chinitna_HB10.2_191029202054.wav
34	Spectrogram 1	1	3338.365225316	3340.636938660	77.7	407.8	Chinitna_HB10.2_191029202054.wav
35	Spectrogram 1	1	3401.017780554	3401.485486243	543.7	873.8	Chinitna_HB10.2_191029202054.wav
36	Spectrogram 1	1	3430.429824355	3431.365235732	504.9	737.9	Chinitna_HB10.2_191029202054.wav
37	Spectrogram 1	1	3484.496639453	3486.367462208	77.7	466.0	Chinitna_HB10.2_191029202054.wav
38	Spectrogram 1	1	3515.846321107	3517.550106115	77.7	427.2	Chinitna_HB10.2_191029202054.wav
39	Spectrogram 1	1	3561.046735152	3562.616889964	116.5	543.7	Chinitna_HB10.2_191029202054.wav
40	Spectrogram 1	1	3686.498876346	3687.467695272	77.7	446.6	Chinitna_HB10.2_191029202054.wav
41	Spectrogram 1	1	3765.754983528	3766.623579807	504.9	815.5	Chinitna_HB10.2_191029202054.wav
42	Spectrogram 1	1	3912.721586396	3914.525594052	77.7	485.4	Chinitna_HB10.2_191029202054.wav
43	Spectrogram 1	1	4035.521130684	4036.690394905	446.6	660.2	Chinitna_HB10.2_191029202054.wav
44	Spectrogram 1	1	4042.069010324	4043.873017980	97.1	524.3	Chinitna_HB10.2_191029202054.wav
45	Spectrogram 1	1	4082.071247216	4083.474364282	97.1	446.6	Chinitna_HB10.2_191029202054.wav
46	Spectrogram 1	1	4317.347403095	4318.516667316	563.1	796.1	Chinitna_HB10.2_191029202054.wav
47	Spectrogram 1	1	4534.783927710	4536.621342915	77.7	466.0	Chinitna_HB10.2_191029202054.wav
48	Spectrogram 1	1	4814.853000534	4815.487743968	97.1	349.5	Chinitna_HB10.2_191029202054.wav
49	Spectrogram 1	1	4833.895303568	4835.432050831	77.7	504.9	Chinitna_HB10.2_191029202054.wav
50	Spectrogram 1	1	4891.035613191	4892.973251044	174.8	349.5	Chinitna_HB10.2_191029202054.wav
51	Spectrogram 1	1	4896.213783315	4897.216009790	155.3	368.9	Chinitna_HB10.2_191029202054.wav
52	Spectrogram 1	1	4905.601304635	4906.603531111	155.3	310.7	Chinitna_HB10.2_191029202054.wav
53	Spectrogram 1	1	4921.683736312	4923.354113771	97.1	563.1	Chinitna_HB10.2_191029202054.wav
54	Spectrogram 1	1	5024.238305795	5026.342981394	116.5	621.4	Chinitna_HB10.2_191029202054.wav
55	Spectrogram 1	1	5035.296204575	5036.766136739	97.1	446.6	Chinitna_HB10.2_191029202054.wav
56	Spectrogram 1	1	5053.069020741	5054.472137806	427.2	582.5	Chinitna_HB10.2_191029202054.wav
57	Spectrogram 1	1	5059.850753225	5060.852979700	213.6	466.0	Chinitna_HB10.2_191029202054.wav
58	Spectrogram 1	1	5078.759426063	5080.496618620	446.6	640.8	Chinitna_HB10.2_191029202054.wav
59	Spectrogram 1	1	5084.886408083	5086.256117599	310.7	485.4	Chinitna_HB10.2_191029202054.wav
60	Spectrogram 1	1	5110.376368110	5112.581266356	77.7	485.4	Chinitna_HB10.2_191029202054.wav
61	Spectrogram 1	1	5119.162553545	5119.463221488	388.3	796.1	Chinitna_HB10.2_191029202054.wav
62	Spectrogram 1	1	5122.803976406	5123.605757586	621.4	932.0	Chinitna_HB10.2_191029202054.wav
63	Spectrogram 1	1	5127.080142701	5127.781701234	388.3	757.3	Chinitna_HB10.2_191029202054.wav
64	Spectrogram 1	1	5131.122456153	5131.790607136	446.6	835.0	Chinitna_HB10.2_191029202054.wav
65	Spectrogram 1	1	5140.389747796	5141.391974272	466.0	757.3	Chinitna_HB10.2_191029202054.wav
66	Spectrogram 1	1	5145.033397133	5146.069031157	524.3	718.4	Chinitna_HB10.2_191029202054.wav
67	Spectrogram 1	1	5150.278382354	5150.679272945	174.8	796.1	Chinitna_HB10.2_191029202054.wav
68	Spectrogram 1	1	5152.616910797	5154.654771297	97.1	524.3	Chinitna_HB10.2_191029202054.wav
69	Spectrogram 1	1	5161.436503782	5162.405322708	427.2	563.1	Chinitna_HB10.2_191029202054.wav
70	Spectrogram 1	1	5168.819572151	5170.189281668	271.8	427.2	Chinitna_HB10.2_191029202054.wav
71	Spectrogram 1	1	5182.917557906	5184.020007030	524.3	796.1	Chinitna_HB10.2_191029202054.wav
72	Spectrogram 1	1	5212.463231904	5213.665903675	485.4	699.0	Chinitna_HB10.2_191029202054.wav
73	Spectrogram 1	1	5267.866348970	5269.469911331	77.7	485.4	Chinitna_HB10.2_191029202054.wav
74	Spectrogram 1	1	5304.394200747	5305.429834772	504.9	679.6	Chinitna_HB10.2_191029202054.wav
75	Spectrogram 1	1	5376.835167896	5378.538952905	97.1	427.2	Chinitna_HB10.2_191029202054.wav
76	Spectrogram 1	1	5394.741614259	5395.543395439	427.2	757.3	Chinitna_HB10.2_191029202054.wav
77	Spectrogram 1	1	5397.714886136	5398.616889964	543.7	737.9	Chinitna_HB10.2_191029202054.wav
78	Spectrogram 1	1	5421.180386182	5422.149205109	427.2	718.4	Chinitna_HB10.2_191029202054.wav
79	Spectrogram 1	1	5431.202650937	5431.636949077	446.6	776.7	Chinitna_HB10.2_191029202054.wav
80	Spectrogram 1	1	5435.612447429	5435.946522921	310.7	757.3	Chinitna_HB10.2_191029202054.wav
81	Spectrogram 1	1	5438.719349504	5438.986609897	194.2	737.9	Chinitna_HB10.2_191029202054.wav
82	Spectrogram 1	1	5441.692621381	5442.193734619	135.9	737.9	Chinitna_HB10.2_191029202054.wav
83	Spectrogram 1	1	5445.634712184	5446.302863168	446.6	621.4	Chinitna_HB10.2_191029202054.wav
84	Spectrogram 1	1	5447.939833078	5448.708206709	563.1	854.4	Chinitna_HB10.2_191029202054.wav
85	Spectrogram 1	1	5451.982146529	5452.449852218	233.0	776.7	Chinitna_HB10.2_191029202054.wav
86	Spectrogram 1	1	5456.959871358	5457.327354399	116.5	718.4	Chinitna_HB10.2_191029202054.wav
87	Spectrogram 1	1	5459.779506009	5460.080173951	116.5	776.7	Chinitna_HB10.2_191029202054.wav
88	Spectrogram 1	1	5464.222710050	5465.224936526	407.8	621.4	Chinitna_HB10.2_191029202054.wav
89	Spectrogram 1	1	5468.832951837	5469.768363215	970.9	1126.2	Chinitna_HB10.2_191029202054.wav
90	Spectrogram 1	1	5472.775042641	5473.142525682	349.5	737.9	Chinitna_HB10.2_191029202054.wav
91	Spectrogram 1	1	5505.180365349	5506.917557906	58.3	466.0	Chinitna_HB10.2_191029202054.wav
92	Spectrogram 1	1	5507.084595652	5508.487712718	524.3	854.4	Chinitna_HB10.2_191029202054.wav
93	Spectrogram 1	1	5514.982177779	5516.518925042	699.0	951.5	Chinitna_HB10.2_191029202054.wav
94	Spectrogram 1	1	5516.051219353	5518.055672304	77.7	427.2	Chinitna_HB10.2_191029202054.wav
95	Spectrogram 1	1	5534.191518560	5535.260560134	466.0	796.1	Chinitna_HB10.2_191029202054.wav
96	Spectrogram 1	1	5536.429824355	5537.465458380	543.7	796.1	Chinitna_HB10.2_191029202054.wav
97	Spectrogram 1	1	5539.636949077	5541.106881241	407.8	718.4	Chinitna_HB10.2_191029202054.wav
98	Spectrogram 1	1	5544.614673905	5545.783938126	407.8	737.9	Chinitna_HB10.2_191029202054.wav
99	Spectrogram 1	1	5548.824025102	5549.625806282	174.8	912.6	Chinitna_HB10.2_191029202054.wav
100	Spectrogram 1	1	5551.362998840	5552.031149824	155.3	466.0	Chinitna_HB10.2_191029202054.wav
101	Spectrogram 1	1	5554.703753758	5555.371904742	174.8	640.8	Chinitna_HB10.2_191029202054.wav
102	Spectrogram 1	1	5559.815108783	5560.483259767	155.3	679.6	Chinitna_HB10.2_191029202054.wav
103	Spectrogram 1	1	5564.659203415	5565.260539300	116.5	737.9	Chinitna_HB10.2_191029202054.wav
104	Spectrogram 1	1	5569.783958960	5571.287298673	466.0	699.0	Chinitna_HB10.2_191029202054.wav
105	Spectrogram 1	1	5576.365246149	5577.768363215	194.2	504.9	Chinitna_HB10.2_191029202054.wav
106	Spectrogram 1	1	5581.910899313	5582.512235199	135.9	368.9	Chinitna_HB10.2_191029202054.wav
107	Spectrogram 1	1	5590.563454552	5592.334054659	77.7	485.4	Chinitna_HB10.2_191029202054.wav
108	Spectrogram 1	1	5600.886387249	5602.456542061	427.2	679.6	Chinitna_HB10.2_191029202054.wav
109	Spectrogram 1	1	5608.135825422	5609.605757586	271.8	524.3	Chinitna_HB10.2_191029202054.wav
110	Spectrogram 1	1	5613.180365349	5613.915331431	155.3	640.8	Chinitna_HB10.2_191029202054.wav
111	Spectrogram 1	1	5631.835178313	5633.472148223	427.2	563.1	Chinitna_HB10.2_191029202054.wav
112	Spectrogram 1	1	5634.140299207	5635.710454018	407.8	582.5	Chinitna_HB10.2_191029202054.wav
113	Spectrogram 1	1	5636.311789903	5636.979940887	466.0	660.2	Chinitna_HB10.2_191029202054.wav
114	Spectrogram 1	1	5639.251654232	5640.821809043	310.7	543.7	Chinitna_HB10.2_191029202054.wav
115	Spectrogram 1	1	5651.378594585	5652.547858807	640.8	796.1	Chinitna_HB10.2_191029202054.wav
116	Spectrogram 1	1	5654.285051364	5656.723802455	679.6	873.8	Chinitna_HB10.2_191029202054.wav
117	Spectrogram 1	1	5669.385263595	5671.824014685	97.1	582.5	Chinitna_HB10.2_191029202054.wav
118	Spectrogram 1	1	5694.855216592	5695.890850617	291.3	679.6	Chinitna_HB10.2_191029202054.wav
119	Spectrogram 1	1	5699.699311224	5700.601315052	349.5	873.8	Chinitna_HB10.2_191029202054.wav
120	Spectrogram 1	1	5703.975477519	5704.643628503	252.4	796.1	Chinitna_HB10.2_191029202054.wav
121	Spectrogram 1	1	5708.318458913	5708.953202348	252.4	796.1	Chinitna_HB10.2_191029202054.wav
122	Spectrogram 1	1	5712.594625209	5712.962108250	135.9	796.1	Chinitna_HB10.2_191029202054.wav
123	Spectrogram 1	1	5716.035602775	5716.469900914	174.8	757.3	Chinitna_HB10.2_191029202054.wav
124	Spectrogram 1	1	5719.342950144	5719.810655832	155.3	854.4	Chinitna_HB10.2_191029202054.wav
125	Spectrogram 1	1	5722.616889964	5723.084595652	155.3	835.0	Chinitna_HB10.2_191029202054.wav
126	Spectrogram 1	1	5727.728244989	5728.964324309	446.6	660.2	Chinitna_HB10.2_191029202054.wav
127	Spectrogram 1	1	5733.922042107	5734.957676132	194.2	427.2	Chinitna_HB10.2_191029202054.wav
128	Spectrogram 1	1	5750.391963855	5752.363009257	58.3	524.3	Chinitna_HB10.2_191029202054.wav
129	Spectrogram 1	1	5753.164790437	5754.634722601	368.9	640.8	Chinitna_HB10.2_191029202054.wav
130	Spectrogram 1	1	5759.879707823	5761.082379594	213.6	796.1	Chinitna_HB10.2_191029202054.wav
131	Spectrogram 1	1	5771.839610431	5773.476580341	174.8	388.3	Chinitna_HB10.2_191029202054.wav
132	Spectrogram 1	1	5775.948738980	5777.184818300	679.6	815.5	Chinitna_HB10.2_191029202054.wav
133	Spectrogram 1	1	5780.826241161	5781.293946849	718.4	951.5	Chinitna_HB10.2_191029202054.wav
134	Spectrogram 1	1	5784.080173951	5785.048992878	563.1	912.6	Chinitna_HB10.2_191029202054.wav
135	Spectrogram 1	1	5799.714906969	5800.182612658	815.5	1048.5	Chinitna_HB10.2_191029202054.wav
136	Spectrogram 1	1	5803.890850617	5805.327375232	97.1	504.9	Chinitna_HB10.2_191029202054.wav
137	Spectrogram 1	1	5805.895303568	5806.930937593	427.2	737.9	Chinitna_HB10.2_191029202054.wav
138	Spectrogram 1	1	5812.008885069	5812.443183208	135.9	524.3	Chinitna_HB10.2_191029202054.wav
139	Spectrogram 1	1	5813.311779487	5813.946522921	252.4	543.7	Chinitna_HB10.2_191029202054.wav
140	Spectrogram 1	1	5815.048972044	5815.483270184	135.9	1068.0	Chinitna_HB10.2_191029202054.wav
141	Spectrogram 1	1	5817.220462741	5817.454315586	194.2	427.2	Chinitna_HB10.2_191029202054.wav
142	Spectrogram 1	1	5818.623579807	5819.158100594	135.9	1009.7	Chinitna_HB10.2_191029202054.wav
143	Spectrogram 1	1	5821.830704529	5822.365225316	97.1	776.7	Chinitna_HB10.2_191029202054.wav
144	Spectrogram 1	1	5826.674799160	5828.044508677	427.2	621.4	Chinitna_HB10.2_191029202054.wav
145	Spectrogram 1	1	5832.988825956	5834.191497726	252.4	601.9	Chinitna_HB10.2_191029202054.wav
146	Spectrogram 1	1	5892.581287189	5893.383068370	524.3	835.0	Chinitna_HB10.2_191029202054.wav
147	Spectrogram 1	1	5943.795060087	5945.565660194	116.5	504.9	Chinitna_HB10.2_191029202054.wav
148	Spectrogram 1	1	5947.416475919	5949.287298673	77.7	427.2	Chinitna_HB10.2_191029202054.wav
149	Spectrogram 1	1	6005.692642214	6006.427608296	291.3	601.9	Chinitna_HB10.2_191029202054.wav
150	Spectrogram 1	1	6010.904219887	6011.672593518	291.3	621.4	Chinitna_HB10.2_191029202054.wav
151	Spectrogram 1	1	6038.999968750	6040.803976406	58.3	543.7	Chinitna_HB10.2_191029202054.wav
152	Spectrogram 1	1	6074.158111011	6074.759446896	504.9	757.3	Chinitna_HB10.2_191029202054.wav
153	Spectrogram 1	1	6092.097964922	6092.565670611	504.9	737.9	Chinitna_HB10.2_191029202054.wav
154	Spectrogram 1	1	6097.409765242	6098.345176619	466.0	757.3	Chinitna_HB10.2_191029202054.wav
155	Spectrogram 1	1	6102.354082521	6103.623569390	252.4	737.9	Chinitna_HB10.2_191029202054.wav
156	Spectrogram 1	1	6107.812913558	6108.982177779	174.8	718.4	Chinitna_HB10.2_191029202054.wav
157	Spectrogram 1	1	6112.657008189	6113.525604468	233.0	679.6	Chinitna_HB10.2_191029202054.wav
158	Spectrogram 1	1	6171.167027329	6173.271702928	77.7	679.6	Chinitna_HB10.2_191029202054.wav
159	Spectrogram 1	1	6183.828488470	6185.498865929	271.8	912.6	Chinitna_HB10.2_191029202054.wav
160	Spectrogram 1	1	6189.942069970	6190.844073798	310.7	660.2	Chinitna_HB10.2_191029202054.wav
161	Spectrogram 1	1	6255.501081988	6257.906425529	58.3	776.7	Chinitna_HB10.2_191029202054.wav
162	Spectrogram 1	1	6262.950965456	6264.922010857	58.3	446.6	Chinitna_HB10.2_191029202054.wav
163	Spectrogram 1	1	6325.249438173	6325.917589156	466.0	835.0	Chinitna_HB10.2_191029202054.wav
164	Spectrogram 1	1	6330.928721534	6331.530057419	504.9	660.2	Chinitna_HB10.2_191029202054.wav
165	Spectrogram 1	1	6335.472148223	6336.173706756	446.6	640.8	Chinitna_HB10.2_191029202054.wav
166	Spectrogram 1	1	6359.024470397	6360.026696873	368.9	582.5	Chinitna_HB10.2_191029202054.wav
167	Spectrogram 1	1	6366.674799160	6369.146957800	97.1	679.6	Chinitna_HB10.2_191029202054.wav
168	Spectrogram 1	1	6396.688178847	6398.659224248	58.3	485.4	Chinitna_HB10.2_191029202054.wav
169	Spectrogram 1	1	6445.209340780	6446.144752158	388.3	893.2	Chinitna_HB10.2_191029202054.wav
170	Spectrogram 1	1	6457.837394372	6458.806213298	427.2	660.2	Chinitna_HB10.2_191029202054.wav
171	Spectrogram 1	1	6534.354082521	6536.492165669	77.7	563.1	Chinitna_HB10.2_191029202054.wav
172	Spectrogram 1	1	6577.262776192	6579.634712184	77.7	582.5	Chinitna_HB10.2_191029202054.wav
173	Spectrogram 1	1	6587.552301341	6589.957644882	58.3	524.3	Chinitna_HB10.2_191029202054.wav
174	Spectrogram 1	1	6732.046745569	6733.817345676	77.7	504.9	Chinitna_HB10.2_191029202054.wav
175	Spectrogram 1	1	6736.155874118	6738.661440307	58.3	582.5	Chinitna_HB10.2_191029202054.wav
176	Spectrogram 1	1	6848.298410217	6850.503308463	77.7	485.4	Chinitna_HB10.2_191029202054.wav
177	Spectrogram 1	1	6906.808429357	6908.679252111	58.3	446.6	Chinitna_HB10.2_191029202054.wav
178	Spectrogram 1	1	6982.803997239	6985.075710584	97.1	543.7	Chinitna_HB10.2_191029202054.wav
179	Spectrogram 1	1	7059.220462741	7060.590172258	427.2	621.4	Chinitna_HB10.2_191029202054.wav
180	Spectrogram 1	1	7064.899746102	7065.901972578	446.6	660.2	Chinitna_HB10.2_191029202054.wav
181	Spectrogram 1	1	7069.109097300	7069.944286029	252.4	718.4	Chinitna_HB10.2_191029202054.wav
182	Spectrogram 1	1	7072.850742808	7073.318448497	155.3	679.6	Chinitna_HB10.2_191029202054.wav
183	Spectrogram 1	1	7078.429803522	7078.930916759	155.3	757.3	Chinitna_HB10.2_191029202054.wav
184	Spectrogram 1	1	7084.623600640	7085.091306329	135.9	640.8	Chinitna_HB10.2_191029202054.wav
185	Spectrogram 1	1	7093.008895485	7094.044529510	524.3	776.7	Chinitna_HB10.2_191029202054.wav
186	Spectrogram 1	1	7096.115797559	7096.817356092	427.2	679.6	Chinitna_HB10.2_191029202054.wav
187	Spectrogram 1	1	7101.962118666	7103.164790437	135.9	621.4	Chinitna_HB10.2_191029202054.wav
188	Spectrogram 1	1	7119.801749930	7121.538942488	446.6	679.6	Chinitna_HB10.2_191029202054.wav
189	Spectrogram 1	1	7131.126909104	7133.198177153	73.8	461.5	Chinitna_HB10.2_191029202054.wav
190	Spectrogram 1	1	7133.679283361	7134.648102287	775.4	923.1	Chinitna_HB10.2_191029202054.wav
191	Spectrogram 1	1	7142.064578206	7143.066804682	424.6	664.6	Chinitna_HB10.2_191029202054.wav
192	Spectrogram 1	1	7226.899746102	7228.770568857	92.3	516.9	Chinitna_HB10.2_191029202054.wav
193	Spectrogram 1	1	7242.146989050	7244.218257099	73.8	516.9	Chinitna_HB10.2_191029202054.wav
194	Spectrogram 1	1	7291.222678800	7293.093501554	73.8	424.6	Chinitna_HB10.2_191029202054.wav
195	Spectrogram 1	1	7417.376378526	7418.979940887	73.8	443.1	Chinitna_HB10.2_191029202054.wav
196	Spectrogram 1	1	7504.683705062	7506.988825956	73.8	553.8	Chinitna_HB10.2_191029202054.wav
197	Spectrogram 1	1	7509.795060087	7511.465437546	73.8	443.1	Chinitna_HB10.2_191029202054.wav
198	Spectrogram 1	1	7632.106891657	7633.977714412	73.8	498.5	Chinitna_HB10.2_191029202054.wav
199	Spectrogram 1	1	7695.594635625	7696.363009257	535.4	923.1	Chinitna_HB10.2_191029202054.wav
200	Spectrogram 1	1	7701.841847323	7702.409775659	350.8	775.4	Chinitna_HB10.2_191029202054.wav
201	Spectrogram 1	1	7706.886387249	7707.654760881	369.2	830.8	Chinitna_HB10.2_191029202054.wav
202	Spectrogram 1	1	7755.541179380	7757.412002134	166.2	461.5	Chinitna_HB10.2_191029202054.wav
203	Spectrogram 1	1	7838.986630730	7840.790638386	110.8	535.4	Chinitna_HB10.2_191029202054.wav
204	Spectrogram 1	1	7906.082401285	7908.120261785	58.3	505.7	Chinitna_HB10.2_191029202054.wav
205	Spectrogram 1	1	7981.175965340	7983.213825840	77.8	525.1	Chinitna_HB10.2_191029202054.wav
206	Spectrogram 1	1	7991.532305586	7993.703796283	77.8	564.0	Chinitna_HB10.2_191029202054.wav
207	Spectrogram 1	1	8082.294010208	8083.730534823	58.3	427.9	Chinitna_HB10.2_191029202054.wav
208	Spectrogram 1	1	8106.447668267	8108.986642005	77.8	641.8	Chinitna_HB10.2_191029202054.wav
209	Spectrogram 1	1	8259.828520578	8261.766158431	136.1	427.9	Chinitna_HB10.2_191029202054.wav
210	Spectrogram 1	1	8276.933185760	8279.639197244	77.8	525.1	Chinitna_HB10.2_191029202054.wav
211	Spectrogram 1	1	8280.507793523	8282.077948334	97.2	486.2	Chinitna_HB10.2_191029202054.wav
212	Spectrogram 1	1	8376.748336210	8379.253902399	77.8	564.0	Chinitna_HB10.2_191029202054.wav
213	Spectrogram 1	1	8409.634765126	8410.636991602	505.7	700.2	Chinitna_HB10.2_191029202054.wav
214	Spectrogram 1	1	8424.100233923	8425.703796283	77.8	525.1	Chinitna_HB10.2_191029202054.wav
215	Spectrogram 1	1	8547.935412236	8549.772827441	97.2	525.1	Chinitna_HB10.2_191029202054.wav
216	Spectrogram 1	1	8674.409786934	8676.881945573	58.3	719.6	Chinitna_HB10.2_191029202054.wav
217	Spectrogram 1	1	9131.746109735	9133.049004153	77.8	466.8	Chinitna_HB10.2_191029202054.wav
218	Spectrogram 1	1	9180.233864119	9182.004464226	77.8	486.2	Chinitna_HB10.2_191029202054.wav
219	Spectrogram 1	1	9254.512246474	9256.249439031	116.7	486.2	Chinitna_HB10.2_191029202054.wav
220	Spectrogram 1	1	9274.269508561	9276.440999258	77.8	544.6	Chinitna_HB10.2_191029202054.wav
221	Spectrogram 1	1	9669.541211488	9670.543437964	486.2	700.2	Chinitna_HB10.2_191029202054.wav
222	Spectrogram 1	1	9696.501103679	9697.503330155	213.9	408.4	Chinitna_HB10.2_191029202054.wav
223	Spectrogram 1	1	9858.467696130	9860.472149081	77.8	330.6	Chinitna_HB10.2_191029202054.wav
224	Spectrogram 1	1	9908.191529835	9909.060126114	505.7	680.7	Chinitna_HB10.2_191029202054.wav
225	Spectrogram 1	1	9912.935401819	9914.338518885	486.2	739.1	Chinitna_HB10.2_191029202054.wav
226	Spectrogram 1	1	9950.665925367	9951.601336744	155.6	369.5	Chinitna_HB10.2_191029202054.wav
227	Spectrogram 1	1	9951.668151842	9952.603563219	447.3	816.9	Chinitna_HB10.2_191029202054.wav
228	Spectrogram 1	1	9956.412023826	9957.046767261	466.8	700.2	Chinitna_HB10.2_191029202054.wav
229	Spectrogram 1	1	9961.790639245	9962.224937384	155.6	466.8	Chinitna_HB10.2_191029202054.wav
230	Spectrogram 1	1	9964.964356417	9965.365247007	175.0	486.2	Chinitna_HB10.2_191029202054.wav
231	Spectrogram 1	1	9970.309564286	9970.844085073	175.0	427.9	Chinitna_HB10.2_191029202054.wav
232	Spectrogram 1	1	9978.407591708	9979.075742692	155.6	350.1	Chinitna_HB10.2_191029202054.wav
233	Spectrogram 1	1	9986.559033709	9987.995558324	194.5	408.4	Chinitna_HB10.2_191029202054.wav
234	Spectrogram 1	1	10006.570155670	10008.507793523	97.2	486.2	Chinitna_HB10.2_191029202054.wav
235	Spectrogram 1	1	10018.329612983	10020.233843286	97.2	486.2	Chinitna_HB10.2_191029202054.wav
236	Spectrogram 1	1	10123.489971302	10125.060126114	97.2	466.8	Chinitna_HB10.2_191029202054.wav
237	Spectrogram 1	1	10182.868586720	10185.006669868	97.2	602.9	Chinitna_HB10.2_191029202054.wav
238	Spectrogram 1	1	10234.363020532	10236.133620638	77.8	525.1	Chinitna_HB10.2_191029202054.wav
239	Spectrogram 1	1	10342.530058278	10344.534511229	58.3	505.7	Chinitna_HB10.2_191029202054.wav
240	Spectrogram 1	1	10359.714939078	10361.786207127	97.2	525.1	Chinitna_HB10.2_191029202054.wav
241	Spectrogram 1	1	10449.060126114	10450.897541319	136.1	602.9	Chinitna_HB10.2_191029202054.wav
242	Spectrogram 1	1	10588.610253062	10590.414260718	77.8	466.8	Chinitna_HB10.2_191029202054.wav
243	Spectrogram 1	1	10591.750562686	10594.122498678	97.2	661.3	Chinitna_HB10.2_191029202054.wav
244	Spectrogram 1	1	10695.942102079	10697.378626694	77.8	408.4	Chinitna_HB10.2_191029202054.wav
245	Spectrogram 1	1	10779.106892516	10780.576824680	77.8	505.7	Chinitna_HB10.2_191029202054.wav
246	Spectrogram 1	1	10955.652576930	10957.857475176	77.8	583.5	Chinitna_HB10.2_191029202054.wav
247	Spectrogram 1	1	11042.926495917	11044.663688474	97.2	466.8	Chinitna_HB10.2_191029202054.wav
248	Spectrogram 1	1	11120.659256357	11122.463264013	77.8	525.1	Chinitna_HB10.2_191029202054.wav
249	Spectrogram 1	1	11213.278383213	11215.082390869	77.8	486.2	Chinitna_HB10.2_191029202054.wav
250	Spectrogram 1	1	11645.812904000	11647.115798418	408.4	680.7	Chinitna_HB10.2_191029202054.wav
251	Spectrogram 1	1	11700.795123446	11702.599131102	97.2	466.8	Chinitna_HB10.2_191029202054.wav
252	Spectrogram 1	1	11834.518936317	11836.456574169	97.2	505.7	Chinitna_HB10.2_191029202054.wav
253	Spectrogram 1	1	12156.113592776	12158.819604259	136.1	602.9	Chinitna_HB10.2_191029202054.wav
254	Spectrogram 1	1	12465.581308881	12467.518946733	97.2	661.3	Chinitna_HB10.2_191029202054.wav
255	Spectrogram 1	1	12596.298442326	12598.503340572	77.8	622.4	Chinitna_HB10.2_191029202054.wav
256	Spectrogram 1	1	13289.011143653	13290.848558858	97.2	466.8	Chinitna_HB10.2_191029202054.wav
257	Spectrogram 1	1	13321.496681978	13323.100244339	77.8	427.9	Chinitna_HB10.2_191029202054.wav
258	Spectrogram 1	1	13561.750562686	13563.922053383	77.8	466.8	Chinitna_HB10.2_191029202054.wav
259	Spectrogram 1	1	13603.924290275	13605.628075283	194.5	583.5	Chinitna_HB10.2_191029202054.wav
260	Spectrogram 1	1	13718.171501972	13719.841879431	97.2	447.3	Chinitna_HB10.2_191029202054.wav
261	Spectrogram 1	1	13730.866370662	13732.436525473	77.8	427.9	Chinitna_HB10.2_191029202054.wav
262	Spectrogram 1	1	13878.567939611	13880.271724620	97.2	466.8	Chinitna_HB10.2_191029202054.wav
263	Spectrogram 1	1	14149.937649128	14152.175954923	97.2	466.8	Chinitna_HB10.2_191029202054.wav
264	Spectrogram 1	1	14272.236080178	14274.942091662	97.2	564.0	Chinitna_HB10.2_191029202054.wav
265	Spectrogram 1	1	14505.374152909	14506.844085073	175.0	447.3	Chinitna_HB10.2_191029202054.wav
266	Spectrogram 1	1	14654.879729515	14656.383069228	213.9	466.8	Chinitna_HB10.2_191029202054.wav
267	Spectrogram 1	1	14736.220505266	14737.256139291	155.6	466.8	Chinitna_HB10.2_191029202054.wav
268	Spectrogram 1	1	14875.055673163	14876.458790228	97.2	447.3	Chinitna_HB10.2_191029202054.wav
269	Spectrogram 1	1	14915.391985547	14917.396438498	116.7	583.5	Chinitna_HB10.2_191029202054.wav
270	Spectrogram 1	1	14938.443194483	14940.280609688	77.8	505.7	Chinitna_HB10.2_191029202054.wav
271	Spectrogram 1	1	15043.937628294	15046.175934090	116.7	544.6	Chinitna_HB10.2_191029202054.wav
272	Spectrogram 1	1	15204.367473483	15206.371926434	155.6	564.0	Chinitna_HB10.2_191029202054.wav
273	Spectrogram 1	1	15270.908704946	15272.679305053	97.2	466.8	Chinitna_HB10.2_191029202054.wav
274	Spectrogram 1	1	15446.371947267	15447.340766193	97.2	427.9	Chinitna_HB10.2_191029202054.wav
275	Spectrogram 1	1	15508.723834563	15510.527842219	97.2	564.0	Chinitna_HB10.2_191029202054.wav
276	Spectrogram 1	1	15530.204888688	15531.775043499	97.2	564.0	Chinitna_HB10.2_191029202054.wav
277	Spectrogram 1	1	15649.343003086	15651.414271135	97.2	486.2	Chinitna_HB10.2_191029202054.wav
278	Spectrogram 1	1	15658.262818718	15659.899788628	136.1	544.6	Chinitna_HB10.2_191029202054.wav
279	Spectrogram 1	1	15821.365267841	15823.536758537	77.8	505.7	Chinitna_HB10.2_191029202054.wav
280	Spectrogram 1	1	16047.755015637	16049.291762899	77.8	466.8	Chinitna_HB10.2_191029202054.wav
281	Spectrogram 1	1	16160.064589481	16161.768374490	97.2	447.3	Chinitna_HB10.2_191029202054.wav
282	Spectrogram 1	1	16292.331870708	16293.968840618	97.2	525.1	Chinitna_HB10.2_191029202054.wav
