Selection	View	Channel	Begin Time (s)	End Time (s)	Low Freq (Hz)	High Freq (Hz)
1	Spectrogram 1	1	6.560461154	8.428671947	375.000	1375.000
2	Spectrogram 1	1	17.422151807	19.029682024	187.500	4375.000
3	Spectrogram 1	1	59.608958429	61.303382171	312.500	4125.000
4	Spectrogram 1	1	83.548124502	84.634293567	562.500	3163.399
5	Spectrogram 1	1	90.412712995	91.759562636	312.500	3312.500
6	Spectrogram 1	1	104.852973552	106.373015985	683.274	4099.644
7	Spectrogram 1	1	117.002131713	118.653108692	312.500	4250.000
8	Spectrogram 1	1	141.071679867	142.375082745	625.000	1625.000
9	Spectrogram 1	1	147.284566920	148.370735985	312.500	3250.000
