Selection	View	Channel	Begin Time (s)	End Time (s)	Low Freq (Hz)	High Freq (Hz)
1	Spectrogram 1	1	13.630270601	14.031160913	2303.000	5616.200
2	Spectrogram 1	1	28.329582034	28.930917502	3151.500	7393.900
3	Spectrogram 1	1	64.055665321	65.458781412	424.200	7292.900
4	Spectrogram 1	1	74.762777399	76.065670912	585.900	7939.400
5	Spectrogram 1	1	81.795061618	82.680361057	3292.900	7757.600
6	Spectrogram 1	1	85.359682141	87.414244989	3333.300	4040.400
7	Spectrogram 1	1	87.698208960	89.218251392	929.300	7878.800
8	Spectrogram 1	1	98.422024800	99.658103262	1979.800	7676.800
9	Spectrogram 1	1	101.963222555	102.497742970	4282.800	4828.300
10	Spectrogram 1	1	111.758346673	112.977721372	3030.300	7434.300
11	Spectrogram 1	1	119.943190539	120.327377088	2020.200	7737.400
12	Spectrogram 1	1	135.985522017	137.839639709	3555.600	4000.000
13	Spectrogram 1	1	137.956566050	138.608012806	4969.700	6444.400
14	Spectrogram 1	1	140.278389105	141.063465966	3292.900	4707.100
15	Spectrogram 1	1	142.616915924	143.034509999	4343.400	5151.500
16	Spectrogram 1	1	143.418696548	144.053439542	4545.500	5575.800
17	Spectrogram 1	1	158.385268189	158.903084841	2646.500	3030.300
18	Spectrogram 1	1	159.604642887	160.373015985	3878.800	6343.400
19	Spectrogram 1	1	161.041166504	161.341834238	7818.200	8141.400
20	Spectrogram 1	1	179.672581245	180.975474759	3393.900	4262.600
21	Spectrogram 1	1	181.276142493	181.910885486	5272.700	5656.600
22	Spectrogram 1	1	190.820710166	191.722713368	2363.600	7818.200
23	Spectrogram 1	1	192.440975176	192.925384303	3292.900	3939.400
24	Spectrogram 1	1	193.192644511	193.576831060	1818.200	2484.800
25	Spectrogram 1	1	195.531171330	196.199321849	5030.300	5474.700
26	Spectrogram 1	1	203.114679728	203.782830248	3979.800	4343.400
27	Spectrogram 1	1	218.238304241	218.772824657	4181.800	4626.300
28	Spectrogram 1	1	228.561229770	230.866349063	2424.200	7515.200
29	Spectrogram 1	1	233.037838252	234.190397898	5393.900	7393.900
30	Spectrogram 1	1	242.308426712	242.742724550	4565.700	5111.100
31	Spectrogram 1	1	256.012231371	258.250535612	3212.100	3959.600
32	Spectrogram 1	1	260.238283408	261.374139291	3596.000	4040.400
33	Spectrogram 1	1	269.375241764	270.126911099	5212.100	5596.000
34	Spectrogram 1	1	277.015580457	277.683730976	2484.800	2909.100
35	Spectrogram 1	1	278.953216964	279.905331454	3050.500	3697.000
36	Spectrogram 1	1	283.246084053	284.615792618	4525.300	7353.500
37	Spectrogram 1	1	323.158092845	323.926465943	2646.500	3333.300
38	Spectrogram 1	1	327.040084865	329.061240187	2121.200	5232.300
39	Spectrogram 1	1	332.786179334	335.208224968	4101.000	5434.300
40	Spectrogram 1	1	336.995527608	337.463232971	1474.700	8262.600
41	Spectrogram 1	1	338.014457150	338.782830248	2888.900	3313.100
42	Spectrogram 1	1	340.286168917	341.371913512	3111.100	3535.400
43	Spectrogram 1	1	340.854096859	341.705988771	3899.000	4242.400
44	Spectrogram 1	1	342.090175320	346.934266588	3535.400	4686.900
45	Spectrogram 1	1	350.007758978	351.828469144	4747.500	9353.500
46	Spectrogram 1	1	352.570153721	353.455453160	2848.500	7252.500
47	Spectrogram 1	1	353.655898316	355.008903118	5232.300	5717.200
48	Spectrogram 1	1	355.226052037	358.783953554	2444.400	6222.200
49	Spectrogram 1	1	366.718240975	368.472136089	2848.500	4989.900
50	Spectrogram 1	1	399.631373074	400.216004779	3515.200	3939.400
51	Spectrogram 1	1	406.670376299	407.622490790	2464.600	6505.100
52	Spectrogram 1	1	409.510016008	410.629168128	2383.800	7333.300
53	Spectrogram 1	1	424.576810226	424.860774197	3878.800	5676.800
54	Spectrogram 1	1	442.640297026	443.492188938	343.400	7272.700
55	Spectrogram 1	1	476.121357067	480.130260185	1697.000	7171.700
56	Spectrogram 1	1	480.397520393	481.032263386	4565.700	7818.200
57	Spectrogram 1	1	481.767228958	484.940943926	4666.700	5656.600
58	Spectrogram 1	1	492.748320249	493.867472369	3717.200	4909.100
59	Spectrogram 1	1	494.401992785	498.477710955	2888.900	7212.100
60	Spectrogram 1	1	500.047864676	500.849645300	3090.900	4727.300
61	Spectrogram 1	1	501.968797420	503.305098460	3616.200	5838.400
62	Spectrogram 1	1	503.789507586	504.891955944	3030.300	3737.400
63	Spectrogram 1	1	507.046741370	507.464335445	3212.100	3656.600
64	Spectrogram 1	1	507.731595652	510.537827835	1798.000	7373.700
65	Spectrogram 1	1	517.276163326	518.077943950	5434.300	5878.800
66	Spectrogram 1	1	518.295092868	519.080169729	4121.200	4707.100
67	Spectrogram 1	1	519.197096070	519.648097671	3717.200	4424.200
68	Spectrogram 1	1	519.815135301	522.754997587	6020.200	8020.200
69	Spectrogram 1	1	538.105755777	538.723795007	2848.500	3535.400
70	Spectrogram 1	1	552.410895903	553.680381890	5030.300	5393.900
71	Spectrogram 1	1	554.131383491	555.334054427	3596.000	4161.600
72	Spectrogram 1	1	555.935389894	557.338505986	4727.300	5676.800
73	Spectrogram 1	1	557.538951141	559.944293012	3434.300	4383.800
74	Spectrogram 1	1	560.178145694	561.247186526	5070.700	5939.400
75	Spectrogram 1	1	561.364112867	562.516672513	3717.200	7858.600
76	Spectrogram 1	1	591.337382679	591.771680517	2525.300	7697.000
77	Spectrogram 1	1	597.207122494	599.963243388	3030.300	6040.400
78	Spectrogram 1	1	604.506666922	606.444303429	3252.500	7313.100
79	Spectrogram 1	1	613.259438730	616.149189727	1515.200	8101.000
80	Spectrogram 1	1	623.572379501	624.106899916	3010.100	3252.500
81	Spectrogram 1	1	625.927610083	627.247207359	3414.100	7434.300
82	Spectrogram 1	1	628.165914323	629.318473970	2686.900	5798.000
83	Spectrogram 1	1	632.091298627	633.795082452	2626.300	6181.800
84	Spectrogram 1	1	634.363010393	634.914234572	5010.100	5292.900
85	Spectrogram 1	1	635.565681329	637.352983969	3252.500	4666.700
86	Spectrogram 1	1	641.178145694	643.099078438	2242.400	7333.300
87	Spectrogram 1	1	646.022236962	647.091277793	2464.600	7313.100
88	Spectrogram 1	1	648.628023988	649.145840641	2969.700	3272.700
89	Spectrogram 1	1	655.550100872	655.967694947	404.000	8181.800
90	Spectrogram 1	1	666.658103262	667.259438730	444.400	8242.400
91	Spectrogram 1	1	683.184843866	685.907557234	2343.400	7818.200
92	Spectrogram 1	1	709.884176132	710.769475571	4585.900	7131.300
93	Spectrogram 1	1	710.886401912	711.521144905	6141.400	7979.800
94	Spectrogram 1	1	742.429825445	743.281717358	383.800	7212.100
95	Spectrogram 1	1	744.066794219	745.018908709	1515.200	7050.500
96	Spectrogram 1	1	745.419799021	746.472136089	444.400	7313.100
97	Spectrogram 1	1	748.292846256	749.345183324	2767.700	8404.000
98	Spectrogram 1	1	751.366338646	752.852973552	282.800	6929.300
99	Spectrogram 1	1	753.287271390	754.022236962	2707.100	5818.200
100	Spectrogram 1	1	760.369683556	760.837388920	242.400	7979.800
101	Spectrogram 1	1	761.355205573	761.873022225	303.000	8141.400
102	Spectrogram 1	1	764.462105489	765.581257610	2080.800	5717.200
103	Spectrogram 1	1	767.208241625	769.747213600	404.000	7636.400
104	Spectrogram 1	1	779.285063822	780.003325631	384.615	8634.615
105	Spectrogram 1	1	784.703802037	785.154803638	769.231	8384.615
106	Spectrogram 1	1	786.708253596	787.242774012	1557.692	7634.615
107	Spectrogram 1	1	798.885296817	800.405339249	1634.615	7634.615
108	Spectrogram 1	1	819.136976568	819.755015799	1538.462	7596.154
109	Spectrogram 1	1	820.473277608	821.809578647	5192.308	7461.538
110	Spectrogram 1	1	849.694878086	850.680400102	2634.615	7269.231
111	Spectrogram 1	1	853.069038210	854.572376879	4538.462	5884.615
112	Spectrogram 1	1	874.356351267	874.924279208	903.846	8096.154
113	Spectrogram 1	1	876.744989375	877.530066235	1500.000	7788.462
114	Spectrogram 1	1	892.520060644	893.271729979	4288.462	4596.154
115	Spectrogram 1	1	899.552344864	900.404236776	3076.923	5057.692
116	Spectrogram 1	1	902.024501786	902.592429728	4576.923	4826.923
117	Spectrogram 1	1	903.293987774	903.895323241	4480.769	4846.154
118	Spectrogram 1	1	1090.272832452	1093.479954946	2076.923	7807.692
119	Spectrogram 1	1	1244.054581060	1245.340770810	2167.987	6599.049
120	Spectrogram 1	1	1247.061258398	1248.815153512	2339.144	7150.555
121	Spectrogram 1	1	1254.594655508	1255.797326443	1426.307	7892.235
122	Spectrogram 1	1	1256.682625882	1257.768370476	3347.068	5819.334
123	Spectrogram 1	1	1259.455450538	1260.775047815	1502.377	7093.502
124	Spectrogram 1	1	1266.135855883	1267.037859085	3270.998	5743.265
125	Spectrogram 1	1	1281.954319437	1282.873026401	798.732	5819.334
126	Spectrogram 1	1	1284.960996775	1286.113556422	741.680	7683.043
127	Spectrogram 1	1	1288.752750974	1289.754976754	3099.842	4982.567
128	Spectrogram 1	1	1293.947621265	1294.348511577	1445.325	7873.217
129	Spectrogram 1	1	1301.036735779	1302.089072847	817.750	5686.212
130	Spectrogram 1	1	1316.821791806	1317.406423511	380.349	7055.468
131	Spectrogram 1	1	1320.580138479	1321.649179311	3328.051	5648.177
132	Spectrogram 1	1	1350.276163326	1350.576831060	3784.469	4925.515
133	Spectrogram 1	1	1371.089052014	1372.241611660	2491.284	7302.694
134	Spectrogram 1	1	1374.513323427	1375.565660496	3765.452	6675.119
135	Spectrogram 1	1	1429.822935946	1430.491086465	1654.517	6275.753
136	Spectrogram 1	1	1436.905331454	1437.957668523	589.540	7492.868
137	Spectrogram 1	1	1446.910885486	1448.481039207	703.645	6123.613
138	Spectrogram 1	1	1451.320678916	1452.189274592	665.610	7968.304
139	Spectrogram 1	1	1456.004451559	1457.741642910	456.418	8462.758
140	Spectrogram 1	1	1458.342978378	1458.944313846	3461.173	4145.800
141	Spectrogram 1	1	1462.635845467	1463.220477171	4183.835	4697.306
142	Spectrogram 1	1	1464.623593263	1465.208224968	4221.870	4792.393
143	Spectrogram 1	1	1466.410895903	1467.246084053	855.784	6104.596
144	Spectrogram 1	1	1470.586836651	1471.288394697	874.802	4735.341
145	Spectrogram 1	1	1471.505543615	1472.156990372	722.662	1939.778
146	Spectrogram 1	1	1472.006656505	1473.292846256	4564.184	5419.968
147	Spectrogram 1	1	1474.762777399	1476.366338646	475.436	7892.235
148	Spectrogram 1	1	1480.174796608	1481.360763781	1502.377	7397.781
149	Spectrogram 1	1	1481.718261809	1483.856343472	456.418	6903.328
150	Spectrogram 1	1	1484.123603679	1484.440975176	2110.935	5267.829
151	Spectrogram 1	1	1484.624716569	1485.109125696	3175.911	5096.672
152	Spectrogram 1	1	1486.679279417	1492.492188938	399.366	7549.921
153	Spectrogram 1	1	1498.856322638	1500.075697337	494.453	6009.509
154	Spectrogram 1	1	1503.483264987	1505.103529997	646.593	7397.781
155	Spectrogram 1	1	1506.139163303	1507.809539602	494.453	7340.729
156	Spectrogram 1	1	1510.271711767	1511.875273014	494.453	7930.269
157	Spectrogram 1	1	1514.013354677	1514.998876694	513.471	5838.352
158	Spectrogram 1	1	1515.366359479	1517.153662120	2643.423	7150.555
159	Spectrogram 1	1	1521.730493179	1524.837393096	1559.429	9755.943
160	Spectrogram 1	1	1528.428702139	1531.017785403	380.349	7702.060
161	Spectrogram 1	1	1533.723795007	1535.009984758	1635.499	8729.002
162	Spectrogram 1	1	1538.390863887	1539.844091268	494.453	7549.921
163	Spectrogram 1	1	1543.251658918	1545.439851870	684.628	10421.553
164	Spectrogram 1	1	1546.508892701	1547.778378689	380.349	6770.206
165	Spectrogram 1	1	1548.028935134	1549.933164115	779.715	8139.461
166	Spectrogram 1	1	1551.185946339	1551.636947940	3023.772	3442.155
167	Spectrogram 1	1	1552.538951141	1553.173694135	6066.561	7492.868
168	Spectrogram 1	1	1556.163667711	1557.082374675	1673.534	8310.618
169	Spectrogram 1	1	1561.742724550	1563.095729352	418.384	9774.960
170	Spectrogram 1	1	1567.779501995	1568.932061642	1464.342	9128.368
171	Spectrogram 1	1	1578.152538813	1579.939841453	437.401	8576.862
172	Spectrogram 1	1	1581.693736567	1583.915337045	703.645	8272.583
173	Spectrogram 1	1	1588.726020787	1590.045618063	513.471	7378.764
174	Spectrogram 1	1	1596.583508398	1597.986624490	969.889	7930.269
175	Spectrogram 1	1	1599.339629292	1600.726041620	1654.517	6884.311
176	Spectrogram 1	1	1601.945416319	1604.584610871	437.401	7473.851
177	Spectrogram 1	1	1609.228256983	1609.779481162	5952.456	6522.979
178	Spectrogram 1	1	1625.738293824	1627.074594864	323.296	7131.537
179	Spectrogram 1	1	1627.492188938	1628.895305030	380.349	7017.433
180	Spectrogram 1	1	1628.978823845	1630.365236173	513.471	7625.990
181	Spectrogram 1	1	1631.952093657	1633.355209749	1407.290	8538.827
182	Spectrogram 1	1	1635.910885486	1638.099078438	836.767	10440.571
183	Spectrogram 1	1	1643.845172907	1645.164770184	418.384	6580.032
184	Spectrogram 1	1	1647.259459563	1647.927610083	1445.325	7530.903
185	Spectrogram 1	1	1648.612464365	1650.867472369	437.401	8500.792
186	Spectrogram 1	1	1650.967694947	1652.855220165	304.279	8063.391
187	Spectrogram 1	1	1653.122480373	1654.742745383	399.366	9185.420
188	Spectrogram 1	1	1659.269465154	1660.538951141	855.784	7492.868
189	Spectrogram 1	1	1662.025586048	1662.727144093	3651.347	9622.821
190	Spectrogram 1	1	1665.316227357	1666.051192929	3613.312	4278.922
191	Spectrogram 1	1	1667.704865465	1669.592390683	513.471	6446.910
192	Spectrogram 1	1	1670.577912700	1671.763879872	3594.295	4183.835
193	Spectrogram 1	1	1673.273937546	1674.226052037	4069.731	4982.567
194	Spectrogram 1	1	1679.220477171	1680.189295425	380.349	7359.746
195	Spectrogram 1	1	1690.445405902	1691.447631682	4849.445	5743.265
196	Spectrogram 1	1	1691.982152097	1693.685935922	798.732	5990.491
197	Spectrogram 1	1	1699.104674137	1699.939862287	950.872	6751.189
198	Spectrogram 1	1	1701.894202557	1702.428722972	1730.586	5667.195
199	Spectrogram 1	1	1710.479936734	1711.148087254	4621.236	5020.602
200	Spectrogram 1	1	1713.920911911	1714.756100060	1597.464	5914.422
201	Spectrogram 1	1	1715.557880684	1716.292846256	1426.307	5743.265
202	Spectrogram 1	1	1722.606868666	1724.527801411	418.384	6637.084
203	Spectrogram 1	1	1724.661431514	1725.530027190	1654.517	7511.886
204	Spectrogram 1	1	1725.904228981	1727.140307442	741.680	8082.409
205	Spectrogram 1	1	1727.691531621	1729.228277816	456.418	7454.834
206	Spectrogram 1	1	1729.662575654	1730.447652515	1502.377	6732.171
207	Spectrogram 1	1	1733.988850269	1734.573481974	950.872	5800.317
208	Spectrogram 1	1	1736.126931932	1736.611341059	4278.922	4792.393
209	Spectrogram 1	1	1738.866349063	1739.567907108	1426.307	5971.474
210	Spectrogram 1	1	1741.188172119	1742.257212950	1673.534	8614.897
211	Spectrogram 1	1	1743.593513989	1745.197075237	1426.307	7473.851
212	Spectrogram 1	1	1746.032263386	1747.118007981	1692.552	8215.531
213	Spectrogram 1	1	1748.337382679	1750.107981556	437.401	7606.973
214	Spectrogram 1	1	1753.238304241	1754.190418731	1673.534	7530.903
215	Spectrogram 1	1	1772.280594052	1775.086826234	494.453	7188.590
216	Spectrogram 1	1	1775.654754176	1776.306200933	1521.395	6009.509
217	Spectrogram 1	1	1786.986624490	1788.339629292	361.331	7683.043
218	Spectrogram 1	1	1789.659226568	1792.782830248	418.384	7264.659
219	Spectrogram 1	1	1801.869677315	1802.537827835	3347.068	3822.504
220	Spectrogram 1	1	1803.824017585	1804.876354654	5591.125	6522.979
221	Spectrogram 1	1	1807.822935946	1808.474382702	3632.330	4830.428
222	Spectrogram 1	1	1811.380837463	1813.151436340	380.349	7226.624
223	Spectrogram 1	1	1822.906433927	1824.326253782	1445.325	7245.642
224	Spectrogram 1	1	1827.817340247	1830.523349852	494.453	6465.927
225	Spectrogram 1	1	1833.329582034	1834.532252970	513.471	5134.707
226	Spectrogram 1	1	1839.499989583	1839.884176132	6675.119	7302.694
227	Spectrogram 1	1	1839.934287421	1840.836290623	4545.166	5134.707
228	Spectrogram 1	1	1841.354107275	1842.556778211	3537.242	4297.940
229	Spectrogram 1	1	1843.041187338	1846.081272202	6675.119	7625.990
230	Spectrogram 1	1	1845.646974364	1846.448754988	4012.678	4602.219
231	Spectrogram 1	1	1846.699311433	1847.584610871	6294.770	6522.979
232	Spectrogram 1	1	1847.701537212	1848.870800622	5515.055	5933.439
233	Spectrogram 1	1	1849.221579645	1850.023360268	5800.317	7378.764
234	Spectrogram 1	1	1850.491065632	1850.942067233	4012.678	5591.125
235	Spectrogram 1	1	1852.077923116	1853.397520393	1654.517	7568.938
236	Spectrogram 1	1	1855.234934322	1856.220456338	1198.098	5724.247
237	Spectrogram 1	1	1857.640276192	1859.210429914	1464.342	5876.387
238	Spectrogram 1	1	1866.383063242	1867.652549230	1578.447	6675.119
239	Spectrogram 1	1	1868.320699749	1869.857445945	3423.138	6522.979
240	Spectrogram 1	1	1885.141389082	1886.076799810	2415.214	4012.678
241	Spectrogram 1	1	1886.394171307	1887.914213739	2187.005	4716.323
242	Spectrogram 1	1	1888.037859085	1889.440975176	4393.027	5229.794
243	Spectrogram 1	1	1890.860795031	1891.979947151	3232.964	4431.062
244	Spectrogram 1	1	1893.700434739	1896.122480373	1426.307	5895.404
245	Spectrogram 1	1	1896.757223367	1897.809560435	513.471	7778.130
246	Spectrogram 1	1	1900.699311433	1902.052316235	1578.447	7150.555
247	Spectrogram 1	1	1906.077923116	1907.330705341	475.436	7702.060
248	Spectrogram 1	1	1909.502194530	1910.303975153	3118.859	6979.398
249	Spectrogram 1	1	1911.824017585	1912.926465943	513.471	7359.746
250	Spectrogram 1	1	1914.653672536	1915.873047235	1521.395	7397.781
251	Spectrogram 1	1	1917.008903118	1919.096873492	361.331	7017.433
252	Spectrogram 1	1	1930.204875882	1931.290620476	304.279	7892.235
253	Spectrogram 1	1	1932.994404301	1934.113556422	874.802	5229.794
254	Spectrogram 1	1	1935.449857461	1936.084600455	3251.981	3803.487
255	Spectrogram 1	1	1937.604642887	1938.439831037	3080.824	3803.487
256	Spectrogram 1	1	1946.364133700	1946.798431538	3556.260	4031.696
257	Spectrogram 1	1	1947.115803035	1947.399767005	4107.765	4526.149
258	Spectrogram 1	1	1948.118028814	1948.819586860	3461.173	7473.851
259	Spectrogram 1	1	1949.003328253	1949.888627691	323.296	7454.834
260	Spectrogram 1	1	1950.055665321	1951.408670123	703.645	7302.694
261	Spectrogram 1	1	1952.895305030	1953.964345861	1578.447	7949.287
262	Spectrogram 1	1	1954.081272202	1954.515570040	7854.200	8367.670
263	Spectrogram 1	1	1956.336280206	1957.672581245	741.680	5362.916
264	Spectrogram 1	1	1964.805088043	1966.041166504	874.802	5705.230
265	Spectrogram 1	1	1974.416470768	1975.435400311	4354.992	4887.480
266	Spectrogram 1	1	1976.955442743	1977.623593263	5648.177	7949.287
267	Spectrogram 1	1	1980.195972764	1981.164791017	437.401	7664.025
268	Spectrogram 1	1	1982.785056027	1983.152538813	3556.260	4393.027
269	Spectrogram 1	1	1986.660329041	1989.416449935	3765.452	7207.607
270	Spectrogram 1	1	1994.962099248	1995.864102450	513.471	8481.775
271	Spectrogram 1	1	1998.593534823	2000.063465966	1673.534	6047.544
272	Spectrogram 1	1	2002.535622889	2003.153662120	7378.764	8500.792
273	Spectrogram 1	1	2003.671478772	2004.356333055	4126.783	4716.323
274	Spectrogram 1	1	2010.753874281	2011.271690934	1445.325	2415.214
275	Spectrogram 1	1	2011.789507586	2013.342957545	475.436	7435.816
276	Spectrogram 1	1	2014.261664509	2015.314001578	3955.626	5305.864
277	Spectrogram 1	1	2016.115782201	2017.168119270	4469.097	4887.480
278	Spectrogram 1	1	2017.836269789	2019.556757378	6922.345	9413.629
279	Spectrogram 1	1	2018.270567627	2019.205978355	1825.674	4393.027
280	Spectrogram 1	1	2019.473238563	2020.625798209	893.819	7492.868
281	Spectrogram 1	1	2023.589083264	2025.342978378	874.802	5914.422
282	Spectrogram 1	1	2028.449878294	2029.385289022	1445.325	6427.892
283	Spectrogram 1	1	2039.190397898	2040.894181723	494.453	6522.979
284	Spectrogram 1	1	2042.030037607	2043.683710143	1578.447	7625.990
285	Spectrogram 1	1	2043.900859062	2046.172570829	6484.945	7740.095
286	Spectrogram 1	1	2046.289497170	2047.425353053	1521.395	7606.973
287	Spectrogram 1	1	2049.603561247	2051.340752598	608.558	6294.770
288	Spectrogram 1	1	2052.309570852	2054.314022411	513.471	6009.509
289	Spectrogram 1	1	2060.327377088	2061.162565238	836.767	5305.864
290	Spectrogram 1	1	2067.727144093	2068.645851058	3309.033	7721.078
291	Spectrogram 1	1	2068.896407503	2071.134711744	608.558	7188.590
292	Spectrogram 1	1	2074.726020787	2075.110207336	3708.399	4830.428
293	Spectrogram 1	1	2076.102448357	2078.390863887	6123.613	6827.258
294	Spectrogram 1	1	2078.541197754	2080.044536424	437.401	7530.903
295	Spectrogram 1	1	2082.499989583	2083.435400311	532.488	6180.666
296	Spectrogram 1	1	2086.091298627	2088.112453949	684.628	6123.613
297	Spectrogram 1	1	2092.655877482	2093.658103262	1521.395	6484.945
298	Spectrogram 1	1	2098.335156900	2100.189274592	1293.185	7492.868
299	Spectrogram 1	1	2107.996650914	2109.065691746	627.575	8177.496
300	Spectrogram 1	1	2112.038961558	2112.723815841	7397.781	7797.147
301	Spectrogram 1	1	2121.259438730	2122.528924717	494.453	8139.461
302	Spectrogram 1	1	2122.879703740	2125.719343448	532.488	8253.566
303	Spectrogram 1	1	2126.070122471	2126.972125673	437.401	6789.223
304	Spectrogram 1	1	2128.475464342	2130.981028791	1217.116	6275.753
305	Spectrogram 1	1	2130.780583635	2131.565660496	7017.433	8805.071
306	Spectrogram 1	1	2131.739417131	2132.440975176	4069.731	4697.306
307	Spectrogram 1	1	2132.562353076	2133.280614885	418.384	7150.555
308	Spectrogram 1	1	2134.182618086	2135.652549230	494.453	7112.520
309	Spectrogram 1	1	2135.836290623	2136.337403512	1388.273	7683.043
310	Spectrogram 1	1	2137.807334656	2138.926486776	760.697	6960.380
311	Spectrogram 1	1	2141.899756589	2142.484388293	3556.260	4164.818
312	Spectrogram 1	1	2146.175919915	2148.030037607	475.436	7207.607
313	Spectrogram 1	1	2149.383042409	2151.303975153	456.418	7321.712
314	Spectrogram 1	1	2153.826243365	2154.477690122	475.436	7397.781
315	Spectrogram 1	1	2156.238304241	2158.576831060	494.453	8329.635
316	Spectrogram 1	1	2159.061240187	2160.497763804	437.401	8196.513
317	Spectrogram 1	1	2161.499989583	2163.136958357	399.366	6389.857
318	Spectrogram 1	1	2162.635845467	2163.120254594	6732.171	7074.485
319	Spectrogram 1	1	2163.638071246	2164.022257795	7188.590	7492.868
320	Spectrogram 1	1	2165.776152909	2168.214902306	437.401	7416.799
321	Spectrogram 1	1	2168.682607670	2169.684833449	3004.754	6903.328
322	Spectrogram 1	1	2170.236057628	2170.887504385	1692.552	8139.461
323	Spectrogram 1	1	2171.405321037	2172.524473158	437.401	7245.642
324	Spectrogram 1	1	2173.075697337	2174.178145694	494.453	7321.712
325	Spectrogram 1	1	2174.011108064	2175.748299415	494.453	6332.805
326	Spectrogram 1	1	2177.569009581	2179.055644488	4754.358	5001.585
327	Spectrogram 1	1	2179.640276192	2180.558983157	4868.463	5343.899
328	Spectrogram 1	1	2181.160318625	2182.012210537	4545.166	4925.515
329	Spectrogram 1	1	2182.429804612	2183.498845444	4278.922	4564.184
330	Spectrogram 1	1	2183.956566050	2185.109125696	475.436	7968.304
331	Spectrogram 1	1	2185.292867089	2186.061240187	874.802	5914.422
332	Spectrogram 1	1	2186.428722972	2188.332951953	570.523	9261.490
333	Spectrogram 1	1	2188.533397109	2189.351881496	722.662	7188.590
334	Spectrogram 1	1	2196.250535612	2198.238283408	513.471	8995.246
335	Spectrogram 1	1	2198.555654904	2199.190397898	1559.429	5324.881
336	Spectrogram 1	1	2199.374139291	2200.309550019	494.453	6294.770
337	Spectrogram 1	1	2200.593513989	2201.645851058	1692.552	4183.835
338	Spectrogram 1	1	2202.898633282	2204.218230559	2947.702	5534.073
339	Spectrogram 1	1	2211.440975176	2212.894202557	627.575	6694.136
340	Spectrogram 1	1	2220.628044822	2221.580159312	437.401	7797.147
341	Spectrogram 1	1	2238.340752598	2240.846317047	361.331	7664.025
342	Spectrogram 1	1	2241.030058440	2242.499989583	684.628	7511.886
343	Spectrogram 1	1	2243.552326652	2245.005554032	532.488	6580.032
344	Spectrogram 1	1	2248.997753387	2249.582385092	836.767	6427.892
345	Spectrogram 1	1	2250.618018397	2251.904208148	456.418	7930.269
346	Spectrogram 1	1	2252.071245778	2253.040064031	475.436	8063.391
347	Spectrogram 1	1	2253.123582846	2254.042289811	703.645	7549.921
348	Spectrogram 1	1	2254.743847856	2255.896407503	399.366	9451.664
349	Spectrogram 1	1	2258.034489166	2259.504420309	456.418	7892.235
350	Spectrogram 1	1	2260.757202533	2262.344060018	5895.404	6427.892
351	Spectrogram 1	1	2261.859650891	2264.832920703	437.401	8386.688
352	Spectrogram 1	1	2265.056788628	2265.507790228	1293.185	6256.735
353	Spectrogram 1	1	2265.925384303	2267.445426735	475.436	10307.448
354	Spectrogram 1	1	2268.982172931	2270.502215363	494.453	9584.786
355	Spectrogram 1	1	2271.571256194	2271.888627691	1483.360	7340.729
356	Spectrogram 1	1	2272.540074448	2272.957668523	1445.325	7226.624
357	Spectrogram 1	1	2277.968797420	2278.670355466	570.523	8158.479
358	Spectrogram 1	1	2278.837393096	2279.405321037	969.889	9793.978
359	Spectrogram 1	1	2279.739396297	2281.242734967	437.401	10307.448
360	Spectrogram 1	1	2282.311775798	2283.230482763	817.750	11448.494
361	Spectrogram 1	1	2283.297297815	2284.600191328	494.453	6884.311
362	Spectrogram 1	1	2298.420922327	2298.888627691	1673.534	6199.683
363	Spectrogram 1	1	2304.601314634	2305.286168917	532.488	7454.834
364	Spectrogram 1	1	2305.453206547	2306.221579645	722.662	7530.903
365	Spectrogram 1	1	2328.694859874	2329.479936734	494.453	10421.553
366	Spectrogram 1	1	2339.619120870	2340.771680517	817.750	8709.984
367	Spectrogram 1	1	2345.371934345	2346.223826257	760.697	7340.729
368	Spectrogram 1	1	2349.614690145	2351.602437941	475.436	7625.990
369	Spectrogram 1	1	2359.720466755	2360.705988771	475.436	8253.566
370	Spectrogram 1	1	2364.481039207	2365.199301016	456.418	4811.410
371	Spectrogram 1	1	2368.239385881	2370.193726151	437.401	7473.851
372	Spectrogram 1	1	2372.087970374	2372.973269813	494.453	4963.550
373	Spectrogram 1	1	2376.397541226	2376.848542827	4297.940	4792.393
374	Spectrogram 1	1	2376.881950353	2377.850768606	399.366	7778.130
375	Spectrogram 1	1	2379.654775009	2380.707112078	399.366	6960.380
376	Spectrogram 1	1	2382.461007192	2384.381939936	380.349	9965.135
377	Spectrogram 1	1	2386.436502784	2387.639173719	1806.656	8671.949
378	Spectrogram 1	1	2389.727144093	2390.796184925	1597.464	6580.032
379	Spectrogram 1	1	2391.631373074	2393.335156900	361.331	7378.764
380	Spectrogram 1	1	2393.802862263	2395.540053615	304.279	7435.816
381	Spectrogram 1	1	2403.564578856	2404.850768606	437.401	8025.357
382	Spectrogram 1	1	2405.619141704	2406.504441142	684.628	6047.544
383	Spectrogram 1	1	2406.521144905	2408.074594864	361.331	7987.322
384	Spectrogram 1	1	2411.415347462	2412.484388293	1654.517	9413.629
385	Spectrogram 1	1	2414.221579645	2415.357435528	342.314	8405.705
386	Spectrogram 1	1	2416.142512389	2417.094626879	418.384	8101.426
387	Spectrogram 1	1	2422.072348251	2423.475464342	475.436	7949.287
388	Spectrogram 1	1	2425.987747796	2427.090196153	494.453	7549.921
389	Spectrogram 1	1	2427.658124095	2428.359682141	418.384	7625.990
390	Spectrogram 1	1	2428.677053638	2429.311796631	494.453	7245.642
391	Spectrogram 1	1	2429.512241787	2430.430948752	1407.290	8215.531
392	Spectrogram 1	1	2437.195972764	2438.014457150	532.488	7930.269
393	Spectrogram 1	1	2443.326253782	2444.645851058	399.366	8006.339
394	Spectrogram 1	1	2445.881929519	2447.535602055	817.750	9052.298
395	Spectrogram 1	1	2448.070122471	2449.272793407	532.488	7112.520
396	Spectrogram 1	1	2453.906454761	2456.061240187	361.331	7721.078
397	Spectrogram 1	1	2463.778378689	2464.396417919	551.506	6104.596
398	Spectrogram 1	1	2465.248309832	2465.816237774	4393.027	4925.515
399	Spectrogram 1	1	2465.999979167	2466.751648501	836.767	5096.672
400	Spectrogram 1	1	2475.020011182	2476.105755777	722.662	6066.561
401	Spectrogram 1	1	2478.460986359	2479.680361057	494.453	6618.067
402	Spectrogram 1	1	2492.148087254	2492.682607670	1445.325	6941.363
403	Spectrogram 1	1	2493.150313034	2493.952093657	1407.290	6161.648
404	Spectrogram 1	1	2497.910885486	2498.963222555	532.488	8424.723
405	Spectrogram 1	1	2501.201526796	2501.903084841	3537.242	4069.731
406	Spectrogram 1	1	2510.378611683	2511.648097671	437.401	7074.485
407	Spectrogram 1	1	2516.492188938	2517.010005591	722.662	4830.428
408	Spectrogram 1	1	2518.446529208	2519.565681329	4716.323	5458.003
409	Spectrogram 1	1	2522.238283408	2523.708214551	532.488	7188.590
410	Spectrogram 1	1	2529.972125673	2530.924240163	1654.517	4735.341
411	Spectrogram 1	1	2534.739417131	2535.791754199	1464.342	9166.403
412	Spectrogram 1	1	2545.296195341	2546.766126485	323.296	7340.729
413	Spectrogram 1	1	2551.493291411	2553.080148896	399.366	8329.635
414	Spectrogram 1	1	2555.836269789	2556.988829436	589.540	6618.067
415	Spectrogram 1	1	2557.556757378	2558.141389082	1540.412	7264.659
416	Spectrogram 1	1	2558.642501972	2559.160318625	1768.621	6123.613
417	Spectrogram 1	1	2562.674827858	2563.927610083	494.453	7835.182
418	Spectrogram 1	1	2568.103550831	2569.122480373	722.662	6123.613
419	Spectrogram 1	1	2570.458781412	2571.527822244	418.384	5686.212
420	Spectrogram 1	1	2571.711563637	2572.413121682	1635.499	5629.160
421	Spectrogram 1	1	2573.348532410	2575.135835050	399.366	6979.398
422	Spectrogram 1	1	2591.128055238	2592.430948752	456.418	6503.962
423	Spectrogram 1	1	2593.967694947	2595.036735779	399.366	6237.718
424	Spectrogram 1	1	2595.738293824	2597.007779812	380.349	6066.561
425	Spectrogram 1	1	2599.613566838	2600.064568439	3670.365	4164.818
426	Spectrogram 1	1	2603.789507586	2604.557880684	399.366	3290.016
427	Spectrogram 1	1	2607.631373074	2608.216004779	684.628	7359.746
428	Spectrogram 1	1	2608.416449935	2609.101304218	6275.753	7835.182
429	Spectrogram 1	1	2619.781727775	2620.867472369	1806.656	7093.502
430	Spectrogram 1	1	2620.800657317	2622.537848668	570.523	11011.094
431	Spectrogram 1	1	2628.901982368	2629.753874281	665.610	4792.393
432	Spectrogram 1	1	2637.805088043	2638.640276192	323.296	5667.195
433	Spectrogram 1	1	2652.811786215	2653.630270601	342.314	6218.700
434	Spectrogram 1	1	2655.200424323	2656.453206547	760.697	6028.526
435	Spectrogram 1	1	2740.393068834	2741.979926318	323.296	9603.803
436	Spectrogram 1	1	2750.355230582	2751.173714968	1540.412	5477.021
437	Spectrogram 1	1	2752.493312245	2753.896428336	893.819	5191.759
438	Spectrogram 1	1	2783.401992785	2784.036735779	817.750	4906.498
439	Spectrogram 1	1	2785.423148107	2787.744971163	475.436	6618.067
440	Spectrogram 1	1	2790.467684530	2791.286168917	3480.190	3936.609
441	Spectrogram 1	1	2804.438749397	2805.106899916	703.645	6370.840
442	Spectrogram 1	1	2806.610238586	2807.428722972	1635.499	7645.008
443	Spectrogram 1	1	2813.108002390	2813.809560435	722.662	6256.735
444	Spectrogram 1	1	2814.511118481	2815.847419520	779.715	5838.352
445	Spectrogram 1	1	2823.631373074	2824.900859062	494.453	5515.055
446	Spectrogram 1	1	2826.103529997	2827.389719748	4944.532	6332.805
447	Spectrogram 1	1	2831.522268212	2833.059014407	684.628	8900.158
448	Spectrogram 1	1	2851.616895091	2852.652528396	5001.585	5781.300
449	Spectrogram 1	1	2921.692634094	2922.912008793	1597.464	7530.903
450	Spectrogram 1	1	2923.312899104	2925.167016797	532.488	6503.962
451	Spectrogram 1	1	2925.450980767	2926.403095258	1730.586	8063.391
452	Spectrogram 1	1	2949.845193741	2950.880827046	456.418	5153.724
453	Spectrogram 1	1	2954.405321037	2956.008882285	418.384	6503.962
454	Spectrogram 1	1	2956.543402700	2958.163667711	665.610	4849.445
455	Spectrogram 1	1	2969.929835862	2971.216025612	475.436	7188.590
456	Spectrogram 1	1	2972.084621288	2973.437626090	532.488	6732.171
457	Spectrogram 1	1	2977.429825445	2978.749422722	1616.482	7340.729
458	Spectrogram 1	1	2980.102427524	2980.954319437	2015.848	4754.358
459	Spectrogram 1	1	2983.743847856	2985.514446733	456.418	7435.816
460	Spectrogram 1	1	2985.898633282	2986.449857461	1312.203	3004.754
461	Spectrogram 1	1	2986.600191328	2987.468787004	551.506	6903.328
462	Spectrogram 1	1	2987.736047211	2988.638050413	779.715	6199.683
463	Spectrogram 1	1	2989.439831037	2991.410875070	437.401	8139.461
464	Spectrogram 1	1	2992.636968773	2993.455453160	608.558	7816.165
465	Spectrogram 1	1	3006.551203345	3007.436502784	418.384	6580.032
466	Spectrogram 1	1	3008.956545216	3010.109104863	1673.534	9546.751
467	Spectrogram 1	1	3014.268341848	3014.736047211	3917.591	4469.097
468	Spectrogram 1	1	3017.191500371	3017.876354654	3898.574	4335.975
469	Spectrogram 1	1	3031.095750186	3032.515570040	722.662	5610.143
470	Spectrogram 1	1	3033.417573241	3034.469910310	741.680	5553.090
471	Spectrogram 1	1	3036.040064031	3036.724918314	4450.079	4868.463
472	Spectrogram 1	1	3036.908659707	3038.128034405	855.784	5534.073
473	Spectrogram 1	1	3039.430927919	3040.299523594	1388.273	5838.352
474	Spectrogram 1	1	3040.616895091	3041.452083241	950.872	5762.282
475	Spectrogram 1	1	3041.953196130	3043.105755777	646.593	7549.921
476	Spectrogram 1	1	3045.026688521	3045.511097648	1749.604	4564.184
477	Spectrogram 1	1	3050.378611683	3051.748320249	418.384	7378.764
478	Spectrogram 1	1	3052.399767005	3054.587959957	608.558	6313.788
479	Spectrogram 1	1	3054.638071246	3055.824038419	1483.360	6028.526
480	Spectrogram 1	1	3059.448754988	3061.269465154	513.471	7721.078
481	Spectrogram 1	1	3061.937615674	3062.455432326	4583.201	4982.567
482	Spectrogram 1	1	3062.973248979	3064.476587648	1521.395	5648.177
483	Spectrogram 1	1	3071.675909498	3072.962099248	437.401	6484.945
484	Spectrogram 1	1	3073.052337068	3075.724939147	399.366	10155.309
485	Spectrogram 1	1	3080.151436340	3081.320699749	399.366	8748.019
486	Spectrogram 1	1	3081.454329853	3082.623593263	361.331	7740.095
487	Spectrogram 1	1	3082.991076049	3083.976598065	494.453	8196.513
488	Spectrogram 1	1	3085.262787816	3086.498866277	1635.499	7454.834
489	Spectrogram 1	1	3088.453206547	3089.956545216	475.436	8025.357
490	Spectrogram 1	1	3090.006656505	3090.992178522	4145.800	5248.811
491	Spectrogram 1	1	3091.008882285	3092.161441931	532.488	7283.677
492	Spectrogram 1	1	3092.913111266	3097.406423511	399.366	9660.856
493	Spectrogram 1	1	3098.024462741	3099.310652492	570.523	6713.154
494	Spectrogram 1	1	3099.945395485	3101.298400288	342.314	7055.468
495	Spectrogram 1	1	3103.276163326	3104.629168128	1407.290	6199.683
496	Spectrogram 1	1	3105.631393908	3106.282840664	475.436	2567.353
497	Spectrogram 1	1	3108.203773409	3113.398643699	437.401	10630.745
498	Spectrogram 1	1	3113.632496381	3114.350758189	285.261	2586.371
499	Spectrogram 1	1	3113.999979167	3115.987726963	532.488	7283.677
500	Spectrogram 1	1	3116.422024800	3117.257212950	779.715	8633.914
501	Spectrogram 1	1	3118.008882285	3119.027811827	589.540	8405.705
502	Spectrogram 1	1	3119.445405902	3120.831818230	4564.184	7549.921
503	Spectrogram 1	1	3120.881929519	3122.285045611	418.384	8196.513
504	Spectrogram 1	1	3122.485490767	3124.790610059	4221.870	6066.561
505	Spectrogram 1	1	3123.738272991	3124.322904696	475.436	3651.347
506	Spectrogram 1	1	3125.776132076	3127.813991161	475.436	6313.788
507	Spectrogram 1	1	3129.440975176	3130.459904719	3080.824	6827.258
508	Spectrogram 1	1	3131.462130498	3132.414244989	4374.010	4849.445
509	Spectrogram 1	1	3133.182618086	3134.051213762	4374.010	6142.631
510	Spectrogram 1	1	3136.640297026	3138.778378689	361.331	9413.629
511	Spectrogram 1	1	3148.483264987	3150.537827835	665.610	6142.631
512	Spectrogram 1	1	3152.007758978	3153.611320226	456.418	8424.723
513	Spectrogram 1	1	3171.207101661	3172.025586048	6180.666	8234.548
514	Spectrogram 1	1	3172.443180122	3173.345183324	3632.330	3955.626
515	Spectrogram 1	1	3175.366338646	3176.836269789	399.366	8652.932
516	Spectrogram 1	1	3178.824017585	3180.009984758	2129.952	3689.382
517	Spectrogram 1	1	3180.410875070	3181.630249768	741.680	5039.620
518	Spectrogram 1	1	3182.071266611	3182.605787027	1007.924	5781.300
519	Spectrogram 1	1	3184.593534823	3185.094647713	1939.778	6427.892
520	Spectrogram 1	1	3186.330726174	3187.566804635	950.872	5762.282
521	Spectrogram 1	1	3201.965448334	3203.034489166	2110.935	4925.515
522	Spectrogram 1	1	3203.067896692	3203.719343448	2472.266	5096.672
523	Spectrogram 1	1	3204.454309020	3205.773906296	1502.377	5914.422
524	Spectrogram 1	1	3208.820710166	3210.875273014	437.401	6009.509
525	Spectrogram 1	1	3214.533397109	3215.518919126	2167.987	4830.428
526	Spectrogram 1	1	3217.807334656	3218.642522805	418.384	7150.555
527	Spectrogram 1	1	3222.300646901	3223.703762992	494.453	8386.688
528	Spectrogram 1	1	3226.409772597	3228.664780600	323.296	9280.507
529	Spectrogram 1	1	3232.790610059	3234.243837440	627.575	8310.618
530	Spectrogram 1	1	3236.555675738	3238.459904719	361.331	9432.647
531	Spectrogram 1	1	3241.216025612	3242.652549230	646.593	8767.036
532	Spectrogram 1	1	3244.406444344	3245.809560435	437.401	8386.688
533	Spectrogram 1	1	3245.893079250	3247.045638897	418.384	10592.710
534	Spectrogram 1	1	3247.346306630	3248.782830248	361.331	7454.834
535	Spectrogram 1	1	3249.467684530	3250.904208148	399.366	6275.753
536	Spectrogram 1	1	3251.021134489	3251.923137690	1559.429	7930.269
537	Spectrogram 1	1	3252.374139291	3253.526698937	1578.447	9584.786
538	Spectrogram 1	1	3255.447631682	3257.067896692	418.384	7245.642
539	Spectrogram 1	1	3259.740498770	3260.709317024	1692.552	8063.391
540	Spectrogram 1	1	3260.692613261	3261.661431514	418.384	8519.810
541	Spectrogram 1	1	3262.102448357	3262.620265010	4221.870	4906.498
542	Spectrogram 1	1	3263.004451559	3263.655898316	1274.168	4621.236
543	Spectrogram 1	1	3267.698208960	3268.850768606	551.506	7816.165
544	Spectrogram 1	1	3269.051213762	3270.955442743	798.732	8158.479
545	Spectrogram 1	1	3272.341855071	3273.744971163	817.750	5553.090
546	Spectrogram 1	1	3278.305098460	3279.674807025	1407.290	5115.689
547	Spectrogram 1	1	3289.804006403	3291.307345072	912.837	5705.230
548	Spectrogram 1	1	3297.003328253	3298.506666922	399.366	7930.269
549	Spectrogram 1	1	3304.453206547	3305.939841453	798.732	5400.951
550	Spectrogram 1	1	3308.128034405	3309.180371474	2148.970	4982.567
551	Spectrogram 1	1	3317.605787027	3319.175940748	988.906	5629.160
552	Spectrogram 1	1	3328.864123283	3329.498866277	1616.482	7797.147
553	Spectrogram 1	1	3339.103529997	3340.005533199	418.384	8405.705
554	Spectrogram 1	1	3340.155867066	3341.275019186	855.784	5553.090
555	Spectrogram 1	1	3342.344060018	3343.229359456	1673.534	8234.548
556	Spectrogram 1	1	3351.754997587	3352.974372286	2833.597	5305.864
557	Spectrogram 1	1	3354.611341059	3355.930938335	1007.924	5724.247
558	Spectrogram 1	1	3360.324028002	3361.359661308	475.436	6941.363
559	Spectrogram 1	1	3382.880827046	3384.150313034	342.314	7055.468
560	Spectrogram 1	1	3392.468787004	3393.571235361	456.418	7911.252
561	Spectrogram 1	1	3398.488860686	3399.591309043	285.261	8044.374
562	Spectrogram 1	1	3409.195972764	3410.214902306	1426.307	5438.986
563	Spectrogram 1	1	3418.600191328	3420.955421910	418.384	7283.677
564	Spectrogram 1	1	3426.541197754	3428.462130498	361.331	8063.391
565	Spectrogram 1	1	3431.285066444	3432.404218564	361.331	6922.345
566	Spectrogram 1	1	3438.116905508	3440.238283408	589.540	7740.095
567	Spectrogram 1	1	3444.146963948	3445.550080039	475.436	8253.566
568	Spectrogram 1	1	3446.736047211	3447.821791806	589.540	6732.171
569	Spectrogram 1	1	3459.320699749	3460.172591662	380.349	5781.300
570	Spectrogram 1	1	3461.559003990	3462.728267400	304.279	6865.293
571	Spectrogram 1	1	3470.378590850	3471.230482763	1521.395	9014.263
572	Spectrogram 1	1	3474.136937523	3475.022236962	342.314	6618.067
573	Spectrogram 1	1	3481.292867089	3482.228277816	323.296	7340.729
574	Spectrogram 1	1	3491.365236173	3492.450980767	361.331	6998.415
575	Spectrogram 1	1	3494.104653304	3495.958770996	285.261	9603.803
576	Spectrogram 1	1	3500.886381078	3502.373015985	380.349	6408.875
577	Spectrogram 1	1	3508.142533222	3509.211574053	342.314	6427.892
578	Spectrogram 1	1	3516.193746984	3517.663678127	380.349	6275.753
579	Spectrogram 1	1	3520.319576443	3521.472136089	380.349	7150.555
580	Spectrogram 1	1	3526.383042409	3526.850747773	627.575	5458.003
581	Spectrogram 1	1	3527.017785403	3527.736047211	4925.515	5267.829
582	Spectrogram 1	1	3544.396417919	3545.532273803	513.471	6732.171
583	Spectrogram 1	1	3549.808437129	3550.793959145	361.331	8367.670
584	Spectrogram 1	1	3562.342978378	3563.211574053	4012.678	4830.428
585	Spectrogram 1	1	3563.662575654	3565.032284220	342.314	6465.927
586	Spectrogram 1	1	3567.120254594	3568.456555633	475.436	6675.119
587	Spectrogram 1	1	3569.609115279	3571.596863075	399.366	7169.572
588	Spectrogram 1	1	3579.581261785	3581.184823033	342.314	7492.868
589	Spectrogram 1	1	3581.518898293	3582.738272991	532.488	7949.287
590	Spectrogram 1	1	3604.743847856	3605.829592451	437.401	9299.525
591	Spectrogram 1	1	3614.839639709	3617.629168128	418.384	6104.596
592	Spectrogram 1	1	3626.164791017	3627.551203345	1350.238	8044.374
593	Spectrogram 1	1	3652.513344260	3654.417573241	456.418	10079.239
594	Spectrogram 1	1	3666.678135277	3667.580138479	532.488	4830.428
595	Spectrogram 1	1	3668.639194553	3670.209348274	361.331	8595.880
596	Spectrogram 1	1	3681.551203345	3682.937615674	418.384	7454.834
597	Spectrogram 1	1	3704.358558834	3705.861897504	760.697	5591.125
598	Spectrogram 1	1	3707.131383491	3708.751648501	475.436	5952.456
599	Spectrogram 1	1	3711.290620476	3712.159216152	1692.552	7987.322
600	Spectrogram 1	1	3714.013333844	3715.132485964	361.331	7949.287
601	Spectrogram 1	1	3727.550100872	3728.518919126	437.401	6541.997
602	Spectrogram 1	1	3731.191521205	3732.394192140	1369.255	6180.666
603	Spectrogram 1	1	3752.595760602	3753.965469168	456.418	8862.124
604	Spectrogram 1	1	3757.389740581	3758.542300227	380.349	5534.073
605	Spectrogram 1	1	3769.683710143	3770.518898293	817.750	4944.532
606	Spectrogram 1	1	3771.871903095	3773.041166504	931.854	6142.631
607	Spectrogram 1	1	3774.277244966	3775.713768583	912.837	5762.282
608	Spectrogram 1	1	3776.204896715	3777.424271413	1673.534	7378.764
609	Spectrogram 1	1	3780.581282619	3782.017806236	798.732	6009.509
610	Spectrogram 1	1	3814.396417919	3815.348532410	475.436	5020.602
611	Spectrogram 1	1	3816.918686131	3817.603540414	1217.116	5191.759
612	Spectrogram 1	1	3818.138060830	3819.056767794	1540.412	6903.328
613	Spectrogram 1	1	3839.525596464	3841.413121682	4507.132	5286.846
614	Spectrogram 1	1	3841.663678127	3843.150313034	323.296	6922.345
615	Spectrogram 1	1	3864.738293824	3865.991076049	361.331	6884.311
616	Spectrogram 1	1	3866.425373886	3867.945416319	399.366	7625.990
617	Spectrogram 1	1	3871.553429125	3873.056767794	399.366	9204.437
618	Spectrogram 1	1	3874.626921515	3875.979926318	1426.307	7169.572
619	Spectrogram 1	1	3883.797287398	3884.348511577	779.715	8196.513
620	Spectrogram 1	1	3884.939862287	3885.474382702	627.575	5876.387
621	Spectrogram 1	1	3886.142533222	3886.860795031	437.401	7226.624
622	Spectrogram 1	1	3888.614690145	3889.550100872	437.401	7074.485
623	Spectrogram 1	1	3896.365236173	3898.586836651	399.366	10231.379
624	Spectrogram 1	1	3922.496640497	3924.317350664	342.314	9812.995
625	Spectrogram 1	1	3939.591309043	3941.178166527	418.384	8158.479
626	Spectrogram 1	1	3942.932061642	3944.001102473	1483.360	8443.740
627	Spectrogram 1	1	3953.054542015	3954.307324239	1521.395	9090.333
628	Spectrogram 1	1	3955.626921515	3958.299523594	285.261	10193.344
629	Spectrogram 1	1	3965.772824657	3967.810683742	266.244	10003.170
630	Spectrogram 1	1	3972.187069646	3974.141409916	399.366	10098.257
631	Spectrogram 1	1	3976.780604468	3977.916460352	1026.941	7530.903
632	Spectrogram 1	1	3986.736047211	3987.688161702	684.628	5610.143
633	Spectrogram 1	1	3988.473238563	3989.625798209	1369.255	9299.525
634	Spectrogram 1	1	3989.709317024	3990.694839040	969.889	6827.258
635	Spectrogram 1	1	3998.084621288	4001.308447545	323.296	10782.884
636	Spectrogram 1	1	4006.887504385	4008.691510788	475.436	8614.897
637	Spectrogram 1	1	4019.154785426	4019.989973576	1692.552	7816.165
638	Spectrogram 1	1	4036.576810226	4037.361887087	912.837	4088.748
639	Spectrogram 1	1	4091.244960746	4092.364112867	627.575	7112.520
640	Spectrogram 1	1	4093.433153698	4094.702639685	532.488	10478.605
641	Spectrogram 1	1	4095.187048812	4096.055644488	418.384	5648.177
642	Spectrogram 1	1	4096.272793407	4097.141389082	494.453	2681.458
643	Spectrogram 1	1	4099.596842242	4100.732698125	380.349	6313.788
644	Spectrogram 1	1	4106.569030415	4107.855220165	437.401	5610.143
645	Spectrogram 1	1	4112.916460352	4114.720466755	437.401	5629.160
646	Spectrogram 1	1	4116.307324239	4116.841844655	760.697	4735.341
647	Spectrogram 1	1	4125.694839040	4127.064547606	437.401	7169.572
648	Spectrogram 1	1	4131.831839064	4133.118028814	437.401	6313.788
649	Spectrogram 1	1	4148.585713344	4149.220456338	4107.765	4735.341
650	Spectrogram 1	1	4163.325151308	4164.177043221	418.384	4316.957
651	Spectrogram 1	1	4167.450980767	4167.952093657	950.872	2966.719
652	Spectrogram 1	1	4182.340752598	4183.426497193	608.558	5705.230
653	Spectrogram 1	1	4184.929835862	4185.447652515	1711.569	5990.491
654	Spectrogram 1	1	4221.100201745	4222.503317836	646.593	8177.496
655	Spectrogram 1	1	4250.789507586	4251.775029603	323.296	2719.493
656	Spectrogram 1	1	4256.051192929	4257.337382679	418.384	7987.322
657	Spectrogram 1	1	4263.407567650	4264.393089667	399.366	8329.635
658	Spectrogram 1	1	4272.344080851	4273.964345861	1635.499	7740.095
659	Spectrogram 1	1	4275.484388293	4276.737170518	380.349	9033.281
660	Spectrogram 1	1	4302.367461952	4303.069019998	1559.429	6351.823
661	Spectrogram 1	1	4304.622469956	4305.992178522	4602.219	5419.968
662	Spectrogram 1	1	4422.544505174	4423.179248167	1045.959	8500.792
663	Spectrogram 1	1	4496.662554821	4497.698188126	1369.255	7131.537
664	Spectrogram 1	1	4506.541197754	4508.244981579	437.401	7606.973
665	Spectrogram 1	1	4510.199321849	4511.552326652	380.349	8862.124
666	Spectrogram 1	1	4522.493291411	4524.113556422	418.384	8120.444
667	Spectrogram 1	1	4526.702639685	4527.771680517	1445.325	7207.607
668	Spectrogram 1	1	4529.224907897	4532.198177710	494.453	9946.117
669	Spectrogram 1	1	4541.609115279	4544.014457150	399.366	9698.891
670	Spectrogram 1	1	4554.521124072	4555.824017585	4469.097	5762.282
671	Spectrogram 1	1	4557.828469144	4558.530027190	1654.517	7873.217
672	Spectrogram 1	1	4559.288415530	4560.123603679	3461.173	6960.380
673	Spectrogram 1	1	4560.908680540	4563.581282619	380.349	10003.170
674	Spectrogram 1	1	4564.700434739	4565.401992785	969.889	5800.317
675	Spectrogram 1	1	4566.688182535	4567.740519604	931.854	5762.282
676	Spectrogram 1	1	4574.104653304	4575.775029603	342.314	8557.845
677	Spectrogram 1	1	4594.606889500	4595.525596464	1654.517	7226.624
678	Spectrogram 1	1	4596.511118481	4597.964345861	399.366	7740.095
679	Spectrogram 1	1	4610.208204134	4611.444282596	551.506	7055.468
680	Spectrogram 1	1	4620.020032016	4621.306221766	437.401	7302.694
681	Spectrogram 1	1	4623.945416319	4624.713789416	3175.911	7188.590
682	Spectrogram 1	1	4635.454309020	4636.840721348	456.418	5648.177
683	Spectrogram 1	1	4637.558983157	4638.628023988	722.662	5134.707
684	Spectrogram 1	1	4661.218230559	4662.487716546	342.314	9851.030
685	Spectrogram 1	1	4662.738272991	4664.057870267	380.349	6465.927
686	Spectrogram 1	1	4667.689305842	4668.942088066	551.506	5496.038
687	Spectrogram 1	1	4682.739396297	4683.958770996	342.314	9832.013
688	Spectrogram 1	1	4699.449878294	4700.819586860	342.314	8367.670
689	Spectrogram 1	1	4716.170345049	4716.721569228	931.854	4393.027
690	Spectrogram 1	1	4725.915357879	4727.017806236	798.732	5381.933
691	Spectrogram 1	1	4727.401992785	4728.136958357	342.314	7530.903
692	Spectrogram 1	1	4729.506666922	4730.458781412	1654.517	7093.502
693	Spectrogram 1	1	4730.709337857	4731.410895903	1730.586	5914.422
694	Spectrogram 1	1	4736.538951141	4737.975474759	513.471	8215.531
695	Spectrogram 1	1	4740.180371474	4741.399746172	418.384	7340.729
696	Spectrogram 1	1	4750.159236985	4751.111351476	551.506	6332.805
697	Spectrogram 1	1	4751.311796631	4751.929835862	1103.011	8120.444
698	Spectrogram 1	1	4759.446529208	4760.682607670	380.349	7568.938
699	Spectrogram 1	1	4768.499968750	4769.886381078	836.767	7911.252
700	Spectrogram 1	1	4770.153641286	4771.139163303	456.418	5096.672
701	Spectrogram 1	1	4773.009984758	4774.028914300	361.331	5438.986
702	Spectrogram 1	1	4774.636968773	4775.538971975	361.331	5419.968
703	Spectrogram 1	1	4776.374160124	4777.242755800	513.471	5324.881
704	Spectrogram 1	1	4785.928712556	4786.730493179	361.331	5229.794
705	Spectrogram 1	1	4787.482162514	4788.367461952	4088.748	8976.228
706	Spectrogram 1	1	4788.801759790	4790.054542015	475.436	5134.707
707	Spectrogram 1	1	4804.844091268	4805.378611683	3670.365	8310.618
708	Spectrogram 1	1	4813.162565238	4814.582385092	1559.429	8101.426
709	Spectrogram 1	1	4817.054542015	4818.307324239	285.261	6028.526
710	Spectrogram 1	1	4820.879703740	4821.464335445	1730.586	5591.125
711	Spectrogram 1	1	4821.664780600	4822.466561224	1711.569	7568.938
712	Spectrogram 1	1	4825.473238563	4826.442056816	1654.517	7702.060
713	Spectrogram 1	1	4828.329582034	4829.348511577	703.645	7492.868
714	Spectrogram 1	1	4831.125829459	4832.044536424	380.349	5458.003
715	Spectrogram 1	1	4838.074594864	4838.926486776	1578.447	8025.357
716	Spectrogram 1	1	4839.661452348	4840.997753387	323.296	7302.694
717	Spectrogram 1	1	4844.037838252	4844.672581245	304.279	5496.038
718	Spectrogram 1	1	4862.602437941	4863.437626090	285.261	5971.474
719	Spectrogram 1	1	4864.356333055	4866.277265799	361.331	6332.805
720	Spectrogram 1	1	4877.886381078	4878.437605257	3860.539	8824.089
721	Spectrogram 1	1	4935.761654092	4936.530027190	342.314	2909.667
722	Spectrogram 1	1	4939.426497193	4940.061240187	1844.691	6922.345
723	Spectrogram 1	1	4949.031160913	4951.352983969	741.680	5648.177
724	Spectrogram 1	1	4978.085723761	4979.221579645	855.784	8462.758
725	Spectrogram 1	1	5003.081272202	5003.582385092	3118.859	8120.444
726	Spectrogram 1	1	5010.297297815	5011.366338646	4754.358	5362.916
727	Spectrogram 1	1	5020.109125696	5020.977721372	741.680	5952.456
728	Spectrogram 1	1	5028.811786215	5029.229380290	1597.464	5952.456
729	Spectrogram 1	1	5043.561208937	5044.697064820	456.418	5477.021
730	Spectrogram 1	1	5064.197075237	5064.898633282	722.662	5800.317
731	Spectrogram 1	1	5131.383063242	5132.084621288	760.697	5819.334
732	Spectrogram 1	1	5221.169242576	5222.555654904	741.680	2301.109
733	Spectrogram 1	1	5233.636968773	5234.889750998	1064.976	6047.544
734	Spectrogram 1	1	5238.497763804	5239.466582057	1350.238	6751.189
735	Spectrogram 1	1	5314.703783825	5315.939862287	798.732	5781.300
736	Spectrogram 1	1	5327.899756589	5332.342957545	893.819	9261.490
737	Spectrogram 1	1	5396.672602079	5397.825161725	399.366	8709.984
738	Spectrogram 1	1	5398.476608482	5399.528945550	323.296	9527.734
739	Spectrogram 1	1	5403.838516402	5404.940964760	456.418	5534.073
740	Spectrogram 1	1	5405.809560435	5406.895305030	418.384	8177.496
741	Spectrogram 1	1	5411.422024800	5412.708214551	323.296	9242.472
742	Spectrogram 1	1	5417.802862263	5419.423127274	418.384	9736.926
743	Spectrogram 1	1	5427.898654116	5428.984398710	418.384	9394.612
744	Spectrogram 1	1	5434.329602867	5435.632496381	266.244	8158.479
745	Spectrogram 1	1	5449.620265010	5450.288415530	703.645	8500.792
746	Spectrogram 1	1	5456.067917525	5457.320699749	209.192	8215.531
747	Spectrogram 1	1	5459.124706153	5460.227154510	475.436	9736.926
748	Spectrogram 1	1	5460.711563637	5461.396417919	1464.342	5762.282
749	Spectrogram 1	1	5466.925363470	5468.194849457	418.384	7150.555
750	Spectrogram 1	1	5473.740498770	5474.726020787	684.628	4963.550
751	Spectrogram 1	1	5475.210429914	5476.346285797	665.610	5343.899
752	Spectrogram 1	1	5476.386412328	5477.371934345	456.418	9109.350
753	Spectrogram 1	1	5478.324048835	5479.226052037	1616.482	7664.025
754	Spectrogram 1	1	5482.867472369	5483.969920727	342.314	8272.583
755	Spectrogram 1	1	5484.387514801	5485.790630893	665.610	5400.951
756	Spectrogram 1	1	5489.699311433	5491.236057628	551.506	6332.805
757	Spectrogram 1	1	5492.138060830	5492.973248979	684.628	5952.456
758	Spectrogram 1	1	5493.106879083	5494.109104863	323.296	8139.461
759	Spectrogram 1	1	5501.057870267	5501.792835839	342.314	5305.864
760	Spectrogram 1	1	5503.035633305	5506.927610083	570.523	9109.350
761	Spectrogram 1	1	5512.205999188	5512.757223367	1122.029	6446.910
762	Spectrogram 1	1	5513.659226568	5514.828489978	399.366	7587.956
763	Spectrogram 1	1	5515.830715757	5516.331828647	1521.395	7625.990
764	Spectrogram 1	1	5516.582385092	5517.901982368	589.540	8348.653
765	Spectrogram 1	1	5522.278368272	5523.347409104	342.314	8063.391
766	Spectrogram 1	1	5524.082374675	5525.452083241	380.349	7625.990
767	Spectrogram 1	1	5540.959894302	5542.112453949	418.384	8481.775
768	Spectrogram 1	1	5548.693736567	5549.278368272	3689.382	9033.281
769	Spectrogram 1	1	5550.531150496	5551.600191328	342.314	10250.396
770	Spectrogram 1	1	5551.767228958	5552.285045611	1502.377	7587.956
771	Spectrogram 1	1	5553.654754176	5554.857425111	1407.290	8272.583
772	Spectrogram 1	1	5555.826243365	5557.179248167	361.331	9965.135
773	Spectrogram 1	1	5558.572379501	5559.708235384	4431.062	5705.230
774	Spectrogram 1	1	5563.416470768	5564.452104074	380.349	10592.710
775	Spectrogram 1	1	5567.308447545	5568.594637296	1578.447	8881.141
776	Spectrogram 1	1	5569.363010393	5571.100201745	342.314	9832.013
777	Spectrogram 1	1	5571.167016797	5572.854096859	475.436	10801.902
778	Spectrogram 1	1	5573.271690934	5574.524473158	608.558	10649.762
779	Spectrogram 1	1	5574.825140892	5576.077923116	532.488	10611.727
780	Spectrogram 1	1	5577.497742970	5579.234934322	418.384	10992.076
781	Spectrogram 1	1	5580.521124072	5581.857425111	969.889	6370.840
782	Spectrogram 1	1	5583.310652492	5585.448734155	456.418	7245.642
783	Spectrogram 1	1	5594.542300227	5596.596863075	399.366	10839.937
784	Spectrogram 1	1	5597.348532410	5598.250535612	1711.569	6503.962
785	Spectrogram 1	1	5598.734944738	5599.653651703	703.645	6541.997
786	Spectrogram 1	1	5601.190397898	5601.607991973	570.523	7511.886
787	Spectrogram 1	1	5603.144738168	5605.900859062	1445.325	8082.409
788	Spectrogram 1	1	5616.113577255	5616.915357879	703.645	7397.781
789	Spectrogram 1	1	5617.483285820	5618.401992785	6332.805	7131.537
790	Spectrogram 1	1	5618.736068045	5619.604663720	874.802	5438.986
791	Spectrogram 1	1	5621.074594864	5621.876375487	1616.482	8044.374
792	Spectrogram 1	1	5623.713789416	5624.849645300	437.401	7492.868
793	Spectrogram 1	1	5625.217128086	5625.618018397	4431.062	5743.265
794	Spectrogram 1	1	5629.075697337	5630.094626879	418.384	8082.409
795	Spectrogram 1	1	5630.261664509	5630.746073636	3270.998	9870.048
796	Spectrogram 1	1	5639.338526819	5639.923158524	6789.223	7835.182
797	Spectrogram 1	1	5646.788405113	5647.205999188	3347.068	8196.513
798	Spectrogram 1	1	5651.298421121	5652.668129686	703.645	6656.101
799	Spectrogram 1	1	5664.778357855	5665.847398687	1198.098	9242.472
800	Spectrogram 1	1	5666.923158524	5667.674827858	1141.046	10117.274
801	Spectrogram 1	1	5667.875273014	5669.027832661	798.732	9679.873
802	Spectrogram 1	1	5675.041187338	5675.909783013	1445.325	7321.712
803	Spectrogram 1	1	5677.296195341	5677.814011994	1388.273	5667.195
804	Spectrogram 1	1	5678.064568439	5678.448754988	3290.016	5229.794
805	Spectrogram 1	1	5679.768352264	5680.336280206	3746.434	8215.531
806	Spectrogram 1	1	5680.603540414	5681.171468356	3080.824	9965.135
807	Spectrogram 1	1	5686.266116068	5687.234934322	7435.816	8101.426
808	Spectrogram 1	1	5687.669232159	5688.554531598	6256.735	7188.590
809	Spectrogram 1	1	5688.771680517	5690.258315423	5648.177	6237.718
810	Spectrogram 1	1	5690.442056816	5691.828469144	1331.220	8614.897
811	Spectrogram 1	1	5709.156990372	5710.109104863	323.296	9014.263
812	Spectrogram 1	1	5710.793959145	5711.545628480	1559.429	1939.778
813	Spectrogram 1	1	5713.633598854	5715.070122471	1255.151	9603.803
814	Spectrogram 1	1	5726.602437941	5727.070143305	1464.342	7949.287
815	Spectrogram 1	1	5793.030037607	5793.430927919	1977.813	8044.374
816	Spectrogram 1	1	5794.249412305	5797.924240163	551.506	9470.681
817	Spectrogram 1	1	5806.216025612	5806.700434739	665.610	8519.810
818	Spectrogram 1	1	5807.301770207	5807.903105675	2491.284	7359.746
819	Spectrogram 1	1	5810.007779812	5810.659226568	2947.702	8386.688
820	Spectrogram 1	1	5843.989952742	5845.259438730	874.802	4183.835
821	Spectrogram 1	1	5850.070122471	5850.437605257	3347.068	4526.149
822	Spectrogram 1	1	5855.171489189	5858.211574053	741.680	8253.566
823	Spectrogram 1	1	5871.440954343	5872.593513989	323.296	8044.374
824	Spectrogram 1	1	5873.194849457	5874.230482763	627.575	5686.212
825	Spectrogram 1	1	5874.414224156	5875.533376276	2244.057	8538.827
826	Spectrogram 1	1	5876.168119270	5877.471012783	2110.935	5629.160
827	Spectrogram 1	1	5919.160339458	5920.546751786	418.384	5724.247
828	Spectrogram 1	1	5924.087949541	5925.290620476	437.401	5591.125
829	Spectrogram 1	1	5928.063445133	5929.266116068	494.453	6123.613
830	Spectrogram 1	1	5935.847398687	5936.298400288	1388.273	2852.615
831	Spectrogram 1	1	5940.013354677	5940.614690145	969.889	4297.940
832	Spectrogram 1	1	6157.483285820	6158.084621288	684.628	5153.724
833	Spectrogram 1	1	6169.743847856	6170.345183324	722.662	4773.376
834	Spectrogram 1	1	6170.846296214	6171.564558022	855.784	4792.393
835	Spectrogram 1	1	6173.535602055	6175.406423511	380.349	7568.938
836	Spectrogram 1	1	6203.275019186	6204.511097648	1388.273	8900.158
837	Spectrogram 1	1	6209.320699749	6211.341855071	456.418	5743.265
838	Spectrogram 1	1	6222.733821432	6223.385268189	3194.929	4830.428
839	Spectrogram 1	1	6226.759428313	6228.847398687	513.471	6599.049
840	Spectrogram 1	1	6234.332951953	6236.120254594	437.401	6903.328
841	Spectrogram 1	1	6238.057891101	6238.642522805	3232.964	4412.044
842	Spectrogram 1	1	6261.132506798	6261.800657317	2662.441	8633.914
843	Spectrogram 1	1	6261.950991184	6262.919809438	418.384	4906.498
844	Spectrogram 1	1	6269.033386693	6269.501092056	494.453	3651.347
845	Spectrogram 1	1	6272.708214551	6273.660329041	456.418	5686.212
846	Spectrogram 1	1	6275.881929519	6276.884155299	456.418	4621.236
847	Spectrogram 1	1	6279.723795007	6280.475464342	494.453	4906.498
848	Spectrogram 1	1	6281.327356255	6282.362989560	4488.114	5077.655
849	Spectrogram 1	1	6282.429804612	6283.331807814	684.628	3898.574
850	Spectrogram 1	1	6308.143614862	6309.329582034	1521.395	5438.986
851	Spectrogram 1	1	6323.150313034	6324.904208148	4488.114	5648.177
852	Spectrogram 1	1	6330.850747773	6331.351860663	3708.399	4602.219
853	Spectrogram 1	1	6333.022236962	6334.041166504	1597.464	5115.689
854	Spectrogram 1	1	6336.262766982	6337.582364259	4887.480	5724.247
855	Spectrogram 1	1	6341.982172931	6343.234955155	494.453	4868.463
856	Spectrogram 1	1	6344.170365883	6345.239406714	532.488	10155.309
857	Spectrogram 1	1	6347.143635695	6348.530048023	1597.464	9318.542
858	Spectrogram 1	1	6349.716015196	6352.238283408	570.523	7625.990
859	Spectrogram 1	1	6358.051192929	6359.454309020	418.384	7759.113
860	Spectrogram 1	1	6364.405341871	6365.457678939	494.453	6865.293
861	Spectrogram 1	1	6365.858569251	6366.426497193	1654.517	6009.509
862	Spectrogram 1	1	6368.815135301	6369.683730976	760.697	7911.252
863	Spectrogram 1	1	6371.704886298	6372.874149708	494.453	9508.716
864	Spectrogram 1	1	6373.358558834	6374.126931932	627.575	6009.509
865	Spectrogram 1	1	6375.513344260	6376.498866277	437.401	7721.078
866	Spectrogram 1	1	6377.851871079	6379.238283408	570.523	8633.914
867	Spectrogram 1	1	6386.654754176	6387.540053615	627.575	5895.404
868	Spectrogram 1	1	6391.138081663	6392.073492390	1122.029	6484.945
869	Spectrogram 1	1	6393.910906320	6395.581282619	1179.081	6199.683
870	Spectrogram 1	1	6399.022257795	6399.874149708	627.575	2776.545
871	Spectrogram 1	1	6400.108002390	6401.026709354	1825.674	5496.038
872	Spectrogram 1	1	6406.538951141	6407.708214551	608.558	10516.640
873	Spectrogram 1	1	6409.128034405	6410.230482763	4526.149	5343.899
874	Spectrogram 1	1	6410.798410704	6411.917562825	456.418	8348.653
875	Spectrogram 1	1	6412.001081640	6412.819566026	779.715	5362.916
876	Spectrogram 1	1	6412.786158500	6413.404197731	513.471	5724.247
877	Spectrogram 1	1	6413.320678916	6414.122459540	1045.959	7664.025
878	Spectrogram 1	1	6414.590164903	6416.110207336	817.750	6047.544
879	Spectrogram 1	1	6417.920932744	6420.510016008	513.471	6827.258
880	Spectrogram 1	1	6422.848542827	6424.067917525	741.680	8938.193
881	Spectrogram 1	1	6427.759449146	6429.079046423	1806.656	7606.973
882	Spectrogram 1	1	6429.479936734	6430.498866277	342.314	7245.642
883	Spectrogram 1	1	6431.267239375	6431.835167316	912.837	5971.474
884	Spectrogram 1	1	6432.185946339	6435.476587648	494.453	7169.572
885	Spectrogram 1	1	6435.677032804	6436.295072035	608.558	10060.222
886	Spectrogram 1	1	6436.695962347	6437.130260185	4278.922	4659.271
887	Spectrogram 1	1	6437.798410704	6439.001081640	266.244	8595.880
888	Spectrogram 1	1	6439.084600455	6440.805088043	665.610	6675.119
889	Spectrogram 1	1	6442.275019186	6442.909762180	513.471	6637.084
890	Spectrogram 1	1	6445.305119293	6445.939862287	589.540	7264.659
891	Spectrogram 1	1	6447.660349875	6448.579056839	1064.976	6313.788
892	Spectrogram 1	1	6450.583508398	6451.786179334	456.418	5515.055
893	Spectrogram 1	1	6452.170365883	6454.141409916	494.453	6770.206
894	Spectrogram 1	1	6457.782830248	6458.818463553	437.401	5286.846
895	Spectrogram 1	1	6459.453206547	6460.488839852	684.628	5819.334
896	Spectrogram 1	1	6460.956545216	6463.278368272	532.488	7473.851
897	Spectrogram 1	1	6464.815114467	6465.566783802	437.401	6960.380
898	Spectrogram 1	1	6467.103529997	6469.074574030	570.523	10288.431
899	Spectrogram 1	1	6471.854117692	6472.505564449	1521.395	6009.509
900	Spectrogram 1	1	6473.407567650	6475.629168128	874.802	6465.927
901	Spectrogram 1	1	6475.729390706	6476.514467567	817.750	5990.491
902	Spectrogram 1	1	6479.771701350	6480.373036818	703.645	5496.038
903	Spectrogram 1	1	6482.461007192	6483.012231371	4012.678	4849.445
904	Spectrogram 1	1	6483.179269001	6484.348532410	494.453	6142.631
905	Spectrogram 1	1	6493.468787004	6494.888606858	361.331	7549.921
906	Spectrogram 1	1	6499.939862287	6500.641420332	874.802	5077.655
907	Spectrogram 1	1	6506.437626090	6507.172591662	380.349	5724.247
908	Spectrogram 1	1	6509.060116880	6510.079046423	437.401	10992.076
909	Spectrogram 1	1	6512.334054427	6512.868574842	893.819	10117.274
910	Spectrogram 1	1	6514.989952742	6516.443180122	532.488	6599.049
911	Spectrogram 1	1	6525.697064820	6526.432030392	456.418	7036.450
912	Spectrogram 1	1	6532.919809438	6533.654775009	494.453	5895.404
913	Spectrogram 1	1	6534.807334656	6535.692634094	418.384	6732.171
914	Spectrogram 1	1	6540.536725362	6541.538951141	1616.482	6941.363
915	Spectrogram 1	1	6554.257233783	6555.159236985	741.680	6637.084
916	Spectrogram 1	1	6571.144738168	6571.629147295	4906.498	5324.881
917	Spectrogram 1	1	6577.341834238	6578.026688521	1464.342	5648.177
918	Spectrogram 1	1	6583.278389105	6584.080169729	437.401	11486.529
919	Spectrogram 1	1	6584.714912723	6585.449878294	779.715	8557.845
920	Spectrogram 1	1	6586.485511600	6587.053439542	1045.959	8215.531
921	Spectrogram 1	1	6597.994404301	6598.913111266	513.471	6580.032
922	Spectrogram 1	1	6608.207122494	6609.159236985	1616.482	5838.352
923	Spectrogram 1	1	6609.844091268	6610.612464365	1711.569	11847.861
924	Spectrogram 1	1	6624.526698937	6625.612443532	513.471	7302.694
925	Spectrogram 1	1	6644.260562036	6645.346306630	1654.517	5629.160
926	Spectrogram 1	1	6647.133609271	6648.319576443	1654.517	11220.285
927	Spectrogram 1	1	6663.142533222	6664.061240187	912.837	11068.146
928	Spectrogram 1	1	6665.948765405	6667.368585259	4773.376	5362.916
929	Spectrogram 1	1	6668.020032016	6669.022257795	703.645	7587.956
930	Spectrogram 1	1	6670.792856672	6672.463232971	855.784	9565.769
931	Spectrogram 1	1	6675.653651703	6676.338505986	912.837	7131.537
932	Spectrogram 1	1	6676.405321037	6677.825140892	665.610	11790.808
933	Spectrogram 1	1	6682.535602055	6683.437605257	513.471	9413.629
934	Spectrogram 1	1	6689.240530020	6690.510016008	798.732	10212.361
935	Spectrogram 1	1	6695.654775009	6696.857445945	4735.341	5857.369
936	Spectrogram 1	1	6697.258336256	6698.277265799	1692.552	8405.705
937	Spectrogram 1	1	6699.329602867	6699.897530809	1483.360	9660.856
938	Spectrogram 1	1	6702.837393096	6703.572358667	1350.238	8006.339
939	Spectrogram 1	1	6704.090175320	6704.524473158	3537.242	4450.079
940	Spectrogram 1	1	6705.058993574	6706.746073636	1083.994	8386.688
941	Spectrogram 1	1	6716.608012806	6717.226052037	950.872	7606.973
942	Spectrogram 1	1	6717.877498794	6718.812909521	817.750	6846.276
943	Spectrogram 1	1	6728.668129686	6729.352983969	722.662	11125.198
944	Spectrogram 1	1	6730.305098460	6731.156990372	513.471	11467.512
945	Spectrogram 1	1	6731.390843054	6732.008882285	855.784	10516.640
946	Spectrogram 1	1	6745.345204157	6745.946539625	874.802	6732.171
947	Spectrogram 1	1	6748.168140103	6748.953216964	342.314	4830.428
948	Spectrogram 1	1	6752.327377088	6753.479936734	437.401	10041.204
949	Spectrogram 1	1	6753.680381890	6754.548977566	627.575	11315.372
950	Spectrogram 1	1	6757.722692534	6758.424250580	874.802	9641.838
951	Spectrogram 1	1	6758.975474759	6759.910885486	817.750	8519.810
952	Spectrogram 1	1	6760.595739769	6761.263890289	494.453	6541.997
953	Spectrogram 1	1	6767.093503573	6768.062321826	304.279	8576.862
954	Spectrogram 1	1	6768.112433115	6769.231585236	304.279	9470.681
955	Spectrogram 1	1	6772.478834261	6773.163688544	1064.976	7797.147
956	Spectrogram 1	1	6774.249433138	6775.034509999	4887.480	5762.282
957	Spectrogram 1	1	6775.234955155	6776.253884697	475.436	6503.962
958	Spectrogram 1	1	6780.262787816	6780.897530809	722.662	10896.989
959	Spectrogram 1	1	6784.806211349	6785.374139291	2110.935	5686.212
960	Spectrogram 1	1	6786.159216152	6786.894181723	1844.691	8824.089
961	Spectrogram 1	1	6802.001102473	6802.502215363	1540.412	8025.357
962	Spectrogram 1	1	6811.338505986	6812.908659707	437.401	6237.718
963	Spectrogram 1	1	6823.789528420	6824.925384303	418.384	10079.239
964	Spectrogram 1	1	6830.754997587	6831.489963159	418.384	4202.853
965	Spectrogram 1	1	6856.635845467	6857.370811038	361.331	6180.666
966	Spectrogram 1	1	6870.633598854	6871.936492367	399.366	6580.032
967	Spectrogram 1	1	6892.254987171	6893.357435528	874.802	8538.827
968	Spectrogram 1	1	6906.927610083	6908.213799833	304.279	9832.013
969	Spectrogram 1	1	6915.062342660	6916.014457150	304.279	9014.263
970	Spectrogram 1	1	6917.551203345	6920.257212950	285.261	11904.913
971	Spectrogram 1	1	6928.258315423	6929.377467544	969.889	6484.945
972	Spectrogram 1	1	6933.259459563	6934.528945550	1045.959	5952.456
973	Spectrogram 1	1	6935.180392307	6935.831839064	1483.360	9261.490
974	Spectrogram 1	1	6942.713789416	6943.615792618	988.906	7397.781
975	Spectrogram 1	1	6966.005554032	6966.890853471	456.418	7150.555
976	Spectrogram 1	1	6971.183720560	6972.185946339	475.436	4754.358
977	Spectrogram 1	1	6978.967674114	6979.869677315	741.680	7816.165
978	Spectrogram 1	1	6980.387493968	6981.773906296	494.453	9832.013
979	Spectrogram 1	1	6988.128055238	6989.130281018	418.384	7606.973
980	Spectrogram 1	1	6990.483285820	6991.268362681	874.802	8348.653
981	Spectrogram 1	1	6992.554552431	6993.406444344	874.802	8139.461
982	Spectrogram 1	1	6993.590185737	6994.258336256	1464.342	7530.903
983	Spectrogram 1	1	6995.577933533	6996.446529208	475.436	6294.770
984	Spectrogram 1	1	6999.920911911	7001.040064031	399.366	6694.136
985	Spectrogram 1	1	7004.765003178	7005.499968750	893.819	7473.851
986	Spectrogram 1	1	7006.385268189	7007.120233760	4469.097	9584.786
987	Spectrogram 1	1	7017.900879895	7019.070143305	380.349	6732.171
988	Spectrogram 1	1	7021.976598065	7023.195972764	931.854	6960.380
989	Spectrogram 1	1	7024.916460352	7026.018908709	513.471	6979.398
990	Spectrogram 1	1	7028.140286609	7029.576810226	494.453	5895.404
991	Spectrogram 1	1	7032.216004779	7033.118007981	950.872	7816.165
992	Spectrogram 1	1	7035.139163303	7036.074574030	1787.639	7949.287
993	Spectrogram 1	1	7041.309570852	7042.629168128	437.401	7055.468
994	Spectrogram 1	1	7045.351881496	7045.752771808	4640.254	5381.933
995	Spectrogram 1	1	7046.003328253	7046.972146506	570.523	7074.485
996	Spectrogram 1	1	7048.191521205	7049.427599666	912.837	9832.013
997	Spectrogram 1	1	7049.895305030	7050.613566838	836.767	7568.938
998	Spectrogram 1	1	7053.469910310	7054.572358667	418.384	6446.910
999	Spectrogram 1	1	7062.089052014	7062.556757378	3575.277	4354.992
1000	Spectrogram 1	1	7065.787302640	7066.906454761	570.523	7074.485
1001	Spectrogram 1	1	7074.723815841	7075.375262597	608.558	9527.734
1002	Spectrogram 1	1	7075.542300227	7078.298421121	950.872	9413.629
1003	Spectrogram 1	1	7080.269465154	7081.204875882	931.854	6446.910
1004	Spectrogram 1	1	7088.253863864	7089.590164903	494.453	5419.968
1005	Spectrogram 1	1	7095.025606881	7096.077943950	418.384	5629.160
1006	Spectrogram 1	1	7108.973248979	7111.094626879	608.558	7892.235
1007	Spectrogram 1	1	7111.946518792	7112.915337045	475.436	6294.770
1008	Spectrogram 1	1	7119.687080062	7120.939862287	4316.957	5400.951
1009	Spectrogram 1	1	7122.727164927	7123.829613284	912.837	5172.742
1010	Spectrogram 1	1	7127.036735779	7128.155887899	513.471	5077.655
1011	Spectrogram 1	1	7130.628044822	7131.379714156	1179.081	6123.613
1012	Spectrogram 1	1	7143.272793407	7144.375241764	608.558	6218.700
1013	Spectrogram 1	1	7149.342978378	7150.562353076	1122.029	6104.596
1014	Spectrogram 1	1	7152.600212161	7153.635845467	969.889	5210.777
1015	Spectrogram 1	1	7171.826243365	7174.014436317	532.488	5838.352
1016	Spectrogram 1	1	7176.142533222	7177.929835862	4659.271	6066.561
1017	Spectrogram 1	1	7183.675930331	7184.678156111	589.540	7264.659
1018	Spectrogram 1	1	7215.185946339	7216.722692534	4583.201	5895.404
1019	Spectrogram 1	1	7296.152538813	7298.106879083	380.349	5515.055
1020	Spectrogram 1	1	7299.994404301	7301.146963948	836.767	2453.249
1021	Spectrogram 1	1	7301.380816630	7302.149189727	874.802	2244.057
1022	Spectrogram 1	1	7310.992199355	7312.378611683	437.401	6218.700
1023	Spectrogram 1	1	7330.485490767	7331.504420309	494.453	6599.049
1024	Spectrogram 1	1	7336.255008004	7337.457678939	494.453	5496.038
1025	Spectrogram 1	1	7350.603540414	7350.987726963	874.802	3213.946
1026	Spectrogram 1	1	7363.121377900	7364.975495592	4640.254	5553.090
1027	Spectrogram 1	1	7377.269465154	7378.522247378	437.401	6199.683
1028	Spectrogram 1	1	7422.466582057	7423.351881496	1445.325	7074.485
1029	Spectrogram 1	1	7431.536725362	7432.422024800	2909.667	6979.398
1030	Spectrogram 1	1	7436.915337045	7439.537827835	627.575	6313.788
1031	Spectrogram 1	1	7440.773906296	7442.143614862	551.506	6770.206
1032	Spectrogram 1	1	7443.262766982	7444.381919103	931.854	5781.300
1033	Spectrogram 1	1	7446.125829459	7446.927610083	950.872	6503.962
1034	Spectrogram 1	1	7451.688182535	7453.559003990	950.872	5210.777
1035	Spectrogram 1	1	7460.825140892	7462.378590850	589.540	8405.705
1036	Spectrogram 1	1	7470.570153721	7471.806232183	551.506	6351.823
1037	Spectrogram 1	1	7472.106899916	7473.292867089	703.645	7873.217
1038	Spectrogram 1	1	7474.144759001	7476.032284220	2852.615	6656.101
1039	Spectrogram 1	1	7477.468807837	7479.640297026	361.331	7683.043
1040	Spectrogram 1	1	7483.899756589	7484.601314634	988.906	5800.317
1041	Spectrogram 1	1	7489.361887087	7490.414224156	551.506	7568.938
1042	Spectrogram 1	1	7490.881929519	7492.368564426	1654.517	6218.700
1043	Spectrogram 1	1	7494.456534800	7495.508871868	1711.569	7740.095
1044	Spectrogram 1	1	7514.607991973	7515.509995174	456.418	8291.601
1045	Spectrogram 1	1	7516.695962347	7518.115782201	4297.940	5610.143
1046	Spectrogram 1	1	7521.423127274	7522.475464342	4488.114	5610.143
1047	Spectrogram 1	1	7522.859650891	7523.895284196	3099.842	7131.537
1048	Spectrogram 1	1	7524.296174508	7525.231585236	513.471	5952.456
1049	Spectrogram 1	1	7525.388638108	7525.923158524	551.506	3480.190
1050	Spectrogram 1	1	7525.923158524	7527.543423534	4526.149	6408.875
1051	Spectrogram 1	1	7532.053439542	7533.038961558	1502.377	4659.271
1052	Spectrogram 1	1	7535.010005591	7536.112453949	475.436	7131.537
1053	Spectrogram 1	1	7537.214902306	7538.033386693	570.523	5553.090
1054	Spectrogram 1	1	7538.300646901	7538.985501183	342.314	4526.149
1055	Spectrogram 1	1	7543.746073636	7544.397520393	1103.011	2396.197
1056	Spectrogram 1	1	7547.972125673	7548.840721348	494.453	6123.613
1057	Spectrogram 1	1	7549.842947128	7550.694839040	494.453	5438.986
1058	Spectrogram 1	1	7551.603561247	7552.873047235	4849.445	5648.177
1059	Spectrogram 1	1	7552.288415530	7552.572379501	1007.924	3023.772
1060	Spectrogram 1	1	7556.397541226	7557.082395509	494.453	6180.666
1061	Spectrogram 1	1	7558.017806236	7559.354107275	2053.883	5648.177
1062	Spectrogram 1	1	7559.704886298	7560.356333055	551.506	2871.632
1063	Spectrogram 1	1	7569.760551619	7570.662554821	532.488	6047.544
1064	Spectrogram 1	1	7600.502194530	7601.788384280	1521.395	5819.334
1065	Spectrogram 1	1	7616.978823845	7617.780604468	988.906	5553.090
1066	Spectrogram 1	1	7621.305098460	7622.006656505	684.628	3955.626
1067	Spectrogram 1	1	7626.182597253	7627.335156900	437.401	3936.609
1068	Spectrogram 1	1	7644.630270601	7647.319576443	418.384	6237.718
1069	Spectrogram 1	1	7662.510016008	7663.829613284	836.767	5572.108
1070	Spectrogram 1	1	7663.178166527	7663.896428336	9774.960	10136.292
1071	Spectrogram 1	1	7666.502215363	7667.504441142	1616.482	7530.903
1072	Spectrogram 1	1	7676.975474759	7678.395294613	532.488	6218.700
1073	Spectrogram 1	1	7714.271711767	7715.591309043	494.453	5572.108
1074	Spectrogram 1	1	7717.829613284	7718.581282619	855.784	4754.358
1075	Spectrogram 1	1	7759.562332243	7760.765003178	665.610	6941.363
1076	Spectrogram 1	1	7794.195951930	7794.730472346	836.767	5724.247
1077	Spectrogram 1	1	7802.136958357	7802.621367483	912.837	6332.805
1078	Spectrogram 1	1	7805.177043221	7805.577933533	1616.482	2339.144
1079	Spectrogram 1	1	7818.105755777	7820.043392284	627.575	5496.038
1080	Spectrogram 1	1	7820.444282596	7822.131362658	646.593	5724.247
1081	Spectrogram 1	1	7831.625819042	7832.444303429	1578.447	6522.979
1082	Spectrogram 1	1	7836.002204946	7837.789507586	513.471	6408.875
1083	Spectrogram 1	1	7840.662554821	7841.848521993	3156.894	7264.659
1084	Spectrogram 1	1	7845.673683718	7846.291722949	1863.708	4849.445
1085	Spectrogram 1	1	7855.752771808	7856.888627691	950.872	5667.195
1086	Spectrogram 1	1	7864.004430726	7865.123582846	3251.981	6066.561
1087	Spectrogram 1	1	7867.595739769	7868.263890289	4240.887	4697.306
1088	Spectrogram 1	1	7875.246063219	7876.565660496	5039.620	5477.021
1089	Spectrogram 1	1	7875.279470745	7875.930917502	513.471	2871.632
1090	Spectrogram 1	1	7878.677053638	7879.645871891	513.471	6446.910
1091	Spectrogram 1	1	7883.504441142	7884.222702951	513.471	5629.160
1092	Spectrogram 1	1	7886.293969562	7888.398643699	608.558	6028.526
1093	Spectrogram 1	1	7888.649200144	7889.952093657	513.471	5458.003
1094	Spectrogram 1	1	7896.466561224	7897.318453137	646.593	4716.323
1095	Spectrogram 1	1	7898.370790205	7898.888606858	665.610	2263.074
1096	Spectrogram 1	1	7898.370790205	7899.790610059	4374.010	5286.846
1097	Spectrogram 1	1	7900.726020787	7901.711542803	3251.981	5267.829
1098	Spectrogram 1	1	7902.212655693	7903.582364259	4450.079	6047.544
1099	Spectrogram 1	1	7902.737191351	7903.154785426	836.767	2833.597
1100	Spectrogram 1	1	7908.249433138	7910.020032016	456.418	6313.788
1101	Spectrogram 1	1	7911.790630893	7912.709337857	475.436	2529.319
1102	Spectrogram 1	1	7914.697085653	7915.599088855	3423.138	6884.311
1103	Spectrogram 1	1	7921.077923116	7922.397520393	551.506	5020.602
1104	Spectrogram 1	1	7932.125829459	7933.144759001	532.488	4868.463
1105	Spectrogram 1	1	7933.863020810	7935.366359479	475.436	5914.422
1106	Spectrogram 1	1	7943.634722160	7944.603540414	912.837	5305.864
1107	Spectrogram 1	1	7954.893058417	7956.095729352	551.506	5267.829
1108	Spectrogram 1	1	7962.299544427	7963.702660519	931.854	5096.672
1109	Spectrogram 1	1	7968.630270601	7969.582385092	1007.924	7188.590
1110	Spectrogram 1	1	7976.263890289	7977.750525195	969.889	4906.498
1111	Spectrogram 1	1	7989.950991184	7991.070143305	874.802	5191.759
1112	Spectrogram 1	1	7994.711563637	7995.763900705	1045.959	5362.916
1113	Spectrogram 1	1	7997.167016797	7997.734944738	3651.347	4773.376
1114	Spectrogram 1	1	8002.746073636	8003.631373074	494.453	6465.927
1115	Spectrogram 1	1	8013.226052037	8014.111351476	494.453	5762.282
1116	Spectrogram 1	1	8025.185946339	8026.572358667	931.854	6199.683
1117	Spectrogram 1	1	8033.738272991	8035.341834238	532.488	7530.903
1118	Spectrogram 1	1	8037.770598877	8038.622490790	1007.924	8462.758
1119	Spectrogram 1	1	8043.867472369	8045.036735779	988.906	4925.515
1120	Spectrogram 1	1	8046.707112078	8047.559003990	418.384	2605.388
1121	Spectrogram 1	1	8048.845193741	8049.429825445	475.436	2434.231
1122	Spectrogram 1	1	8056.595739769	8057.247186526	4335.975	4982.567
1123	Spectrogram 1	1	8057.113556422	8057.765003178	950.872	2434.231
1124	Spectrogram 1	1	8059.385268189	8059.852973552	1787.639	2434.231
1125	Spectrogram 1	1	8060.554531598	8061.423127274	380.349	2491.284
1126	Spectrogram 1	1	8074.475485175	8075.461007192	4069.731	5305.864
1127	Spectrogram 1	1	8075.945416319	8076.797308231	988.906	1977.813
1128	Spectrogram 1	1	8077.298421121	8078.200424323	912.837	1958.796
1129	Spectrogram 1	1	8081.491065632	8082.677032804	950.872	7112.520
1130	Spectrogram 1	1	8087.504420309	8088.740498770	380.349	5020.602
1131	Spectrogram 1	1	8090.761654092	8091.780583635	589.540	6237.718
1132	Spectrogram 1	1	8094.760572453	8095.679279417	3537.242	4887.480
1133	Spectrogram 1	1	8095.395315446	8096.063465966	456.418	988.906
1134	Spectrogram 1	1	8097.834064843	8098.869698149	570.523	5781.300
1135	Spectrogram 1	1	8107.889730164	8109.008882285	4316.957	4716.323
1136	Spectrogram 1	1	8108.808437129	8109.643625278	532.488	1103.011
1137	Spectrogram 1	1	8110.779481162	8111.514446733	532.488	7587.956
1138	Spectrogram 1	1	8119.806232183	8121.109125696	551.506	5381.933
1139	Spectrogram 1	1	8122.879724573	8124.015580457	836.767	5572.108
1140	Spectrogram 1	1	8124.950991184	8125.669252993	437.401	7987.322
1141	Spectrogram 1	1	8130.162565238	8130.930938335	513.471	6161.648
1142	Spectrogram 1	1	8141.370790205	8142.022236962	532.488	2301.109
1143	Spectrogram 1	1	8148.526719771	8148.961017609	4297.940	4792.393
1144	Spectrogram 1	1	8148.927610083	8149.679279417	532.488	1064.976
1145	Spectrogram 1	1	8151.783953554	8152.502215363	4431.062	5705.230
1146	Spectrogram 1	1	8152.134732577	8152.468807837	912.837	1806.656
1147	Spectrogram 1	1	8163.008882285	8164.712666110	4640.254	6256.735
1148	Spectrogram 1	1	8163.526698937	8164.111330642	532.488	2396.197
1149	Spectrogram 1	1	8171.444282596	8173.348511577	4450.079	6446.910
1150	Spectrogram 1	1	8172.129136878	8172.813991161	551.506	2529.319
1151	Spectrogram 1	1	8176.729390706	8177.297318648	931.854	2187.005
1152	Spectrogram 1	1	8188.605766193	8189.106879083	4640.254	5096.672
1153	Spectrogram 1	1	8188.789507586	8189.624695736	361.331	2491.284
1154	Spectrogram 1	1	8190.376365071	8190.977700538	418.384	5876.387
1155	Spectrogram 1	1	8192.514446733	8193.566783802	1597.464	7435.816
1156	Spectrogram 1	1	8211.246084053	8211.780604468	988.906	3575.277
1157	Spectrogram 1	1	8225.009984758	8226.413100849	494.453	5077.655
1158	Spectrogram 1	1	8239.632496381	8240.300646901	532.488	4697.306
1159	Spectrogram 1	1	8253.229359456	8253.947621265	1407.290	6218.700
1160	Spectrogram 1	1	8256.510016008	8257.679279417	570.523	5210.777
1161	Spectrogram 1	1	8262.339629292	8263.074594864	532.488	5629.160
1162	Spectrogram 1	1	8263.141409916	8264.060116880	1007.924	7036.450
1163	Spectrogram 1	1	8280.837413929	8281.923158524	931.854	5381.933
1164	Spectrogram 1	1	8291.711563637	8292.296195341	1464.342	2187.005
1165	Spectrogram 1	1	8295.586836651	8296.655877482	513.471	5362.916
1166	Spectrogram 1	1	8298.810662908	8299.512220954	4221.870	4906.498
1167	Spectrogram 1	1	8299.796184925	8300.865225756	817.750	1179.081
1168	Spectrogram 1	1	8343.489963159	8344.041187338	4469.097	5039.620
1169	Spectrogram 1	1	8346.914234572	8347.649200144	1426.307	6541.997
1170	Spectrogram 1	1	8353.762777399	8354.898633282	2643.423	5001.585
1171	Spectrogram 1	1	8357.220456338	8358.690387481	1597.464	5933.439
1172	Spectrogram 1	1	8369.153662120	8369.771701350	1673.534	5362.916
1173	Spectrogram 1	1	8374.265013595	8375.501092056	475.436	6865.293
1174	Spectrogram 1	1	8400.780604468	8401.381939936	4621.236	5115.689
1175	Spectrogram 1	1	8410.836269789	8412.172570829	1749.604	5990.491
1176	Spectrogram 1	1	8417.090196153	8418.393089667	855.784	7036.450
1177	Spectrogram 1	1	8437.936492367	8439.055644488	1863.708	7188.590
1178	Spectrogram 1	1	8444.474382702	8445.727164927	1597.464	5629.160
1179	Spectrogram 1	1	8452.609115279	8453.060116880	4354.992	5305.864
1180	Spectrogram 1	1	8452.959894302	8453.644748585	513.471	1578.447
1181	Spectrogram 1	1	8457.737170518	8458.889730164	3042.789	6998.415
1182	Spectrogram 1	1	8462.982152097	8463.700413906	1521.395	5286.846
1183	Spectrogram 1	1	8484.069019998	8484.369687732	4240.887	5115.689
1184	Spectrogram 1	1	8492.638050413	8493.790610059	5229.794	6009.509
1185	Spectrogram 1	1	8492.788384280	8493.356312222	1160.063	1559.429
1186	Spectrogram 1	1	8496.028914300	8496.663657294	1007.924	2034.865
1187	Spectrogram 1	1	8502.099099272	8503.385289022	1426.307	6408.875
1188	Spectrogram 1	1	8508.479936734	8509.398643699	4450.079	5115.689
1189	Spectrogram 1	1	8516.197075237	8517.332931120	1007.924	5096.672
1190	Spectrogram 1	1	8526.543423534	8527.361907920	3175.911	6827.258
1191	Spectrogram 1	1	8532.489963159	8533.325151308	513.471	5020.602
1192	Spectrogram 1	1	8541.877477960	8543.213779000	874.802	5267.829
1193	Spectrogram 1	1	8544.650302617	8546.070122471	589.540	6865.293
1194	Spectrogram 1	1	8546.838495569	8547.940943926	1388.273	5629.160
1195	Spectrogram 1	1	8551.021155322	8552.190418731	627.575	6180.666
1196	Spectrogram 1	1	8554.762798232	8555.514467567	1578.447	8006.339
1197	Spectrogram 1	1	8564.985501183	8565.620244177	1426.307	6237.718
1198	Spectrogram 1	1	8570.013333844	8570.815114467	570.523	6637.084
1199	Spectrogram 1	1	8572.819566026	8573.754976754	1160.063	6941.363
1200	Spectrogram 1	1	8586.974372286	8587.993301828	931.854	6675.119
1201	Spectrogram 1	1	8601.606868666	8602.692613261	931.854	6865.293
1202	Spectrogram 1	1	8603.243837440	8604.028914300	969.889	6922.345
1203	Spectrogram 1	1	8614.024483575	8615.594637296	836.767	6161.648
1204	Spectrogram 1	1	8626.886381078	8627.805088043	988.906	6656.101
1205	Spectrogram 1	1	8631.563434716	8632.348511577	1045.959	6694.136
1206	Spectrogram 1	1	8637.867472369	8639.838516402	4469.097	5438.986
1207	Spectrogram 1	1	8653.869677315	8655.373015985	437.401	6846.276
1208	Spectrogram 1	1	8665.017806236	8665.953216964	475.436	6922.345
1209	Spectrogram 1	1	8676.710440330	8678.046741370	4221.870	5229.794
1210	Spectrogram 1	1	8676.944293012	8677.612443532	703.645	2833.597
1211	Spectrogram 1	1	8679.449857461	8680.836269789	1198.098	5610.143
1212	Spectrogram 1	1	8681.287271390	8681.955421910	3385.103	4297.940
1213	Spectrogram 1	1	8685.870821455	8686.873047235	3518.225	5876.387
1214	Spectrogram 1	1	8688.543423534	8690.380837463	855.784	6618.067
1215	Spectrogram 1	1	8690.581282619	8691.984398710	646.593	6275.753
1216	Spectrogram 1	1	8699.517795819	8700.904208148	4488.114	5648.177
1217	Spectrogram 1	1	8715.109125696	8716.295092868	418.384	6770.206
1218	Spectrogram 1	1	8734.051192929	8735.988829436	931.854	7055.468
1219	Spectrogram 1	1	8758.963222555	8760.132485964	475.436	6941.363
1220	Spectrogram 1	1	8778.095750186	8779.248309832	741.680	6389.857
1221	Spectrogram 1	1	8790.105755777	8791.592390683	532.488	6903.328
1222	Spectrogram 1	1	8805.897530809	8806.816237774	513.471	5096.672
1223	Spectrogram 1	1	8817.222682118	8818.174796608	627.575	5933.439
1224	Spectrogram 1	1	8830.625819042	8831.461007192	3594.295	7587.956
1225	Spectrogram 1	1	8847.229359456	8847.830694924	3936.609	6713.154
1226	Spectrogram 1	1	8857.475485175	8858.227154510	855.784	1274.168
1227	Spectrogram 1	1	8859.814011994	8860.832941537	551.506	5496.038
1228	Spectrogram 1	1	8862.653651703	8863.538951141	760.697	5724.247
1229	Spectrogram 1	1	8864.491065632	8865.777255382	893.819	5762.282
1230	Spectrogram 1	1	8874.703783825	8875.873047235	494.453	6332.805
1231	Spectrogram 1	1	8880.934287421	8881.836290623	399.366	5039.620
1232	Spectrogram 1	1	8882.972146506	8884.074594864	513.471	6846.276
1233	Spectrogram 1	1	8890.923137690	8891.741622077	1749.604	6637.084
1234	Spectrogram 1	1	8894.146963948	8894.815114467	3537.242	6275.753
1235	Spectrogram 1	1	8895.266116068	8897.554531598	532.488	10725.832
1236	Spectrogram 1	1	8899.558983157	8900.511097648	418.384	5381.933
1237	Spectrogram 1	1	8900.928691722	8901.997732554	4412.044	5477.021
1238	Spectrogram 1	1	8906.664801434	8907.767249791	418.384	6275.753
1239	Spectrogram 1	1	8915.016682930	8916.486614073	589.540	6009.509
1240	Spectrogram 1	1	8923.719343448	8924.654754176	418.384	5800.317
1241	Spectrogram 1	1	8929.121377900	8930.173714968	912.837	6522.979
1242	Spectrogram 1	1	8935.669252993	8936.721590061	912.837	6199.683
1243	Spectrogram 1	1	8943.486614073	8944.254987171	418.384	3118.859
1244	Spectrogram 1	1	8945.641399499	8948.180371474	703.645	5743.265
1245	Spectrogram 1	1	8968.766126485	8969.267239375	4716.323	6047.544
1246	Spectrogram 1	1	8974.512220954	8975.681484363	4278.922	6408.875
1247	Spectrogram 1	1	8974.679258584	8975.180371474	418.384	2795.563
1248	Spectrogram 1	1	8975.998855860	8977.285045611	855.784	6827.258
1249	Spectrogram 1	1	8995.381939936	8998.455432326	570.523	6846.276
1250	Spectrogram 1	1	9002.247186526	9002.781706941	532.488	5324.881
1251	Spectrogram 1	1	9005.554531598	9006.540053615	684.628	6827.258
1252	Spectrogram 1	1	9013.228277816	9013.762798232	1578.447	4335.975
1253	Spectrogram 1	1	9013.812909521	9014.948765405	627.575	6028.526
1254	Spectrogram 1	1	9016.786179334	9018.172591662	570.523	6618.067
1255	Spectrogram 1	1	9022.649200144	9024.469910310	475.436	6599.049
1256	Spectrogram 1	1	9025.171468356	9026.290620476	931.854	6998.415
1257	Spectrogram 1	1	9028.846296214	9029.865225756	855.784	7017.433
1258	Spectrogram 1	1	9034.609094446	9035.861876670	608.558	7283.677
1259	Spectrogram 1	1	9040.762798232	9041.881950353	1007.924	7435.816
1260	Spectrogram 1	1	9043.619141704	9044.571256194	608.558	7169.572
1261	Spectrogram 1	1	9047.728267400	9048.145861475	3118.859	4621.236
1262	Spectrogram 1	1	9050.467684530	9052.371913512	646.593	6637.084
1263	Spectrogram 1	1	9053.708214551	9054.359661308	1103.011	7340.729
1264	Spectrogram 1	1	9074.444303429	9075.763900705	475.436	6408.875
1265	Spectrogram 1	1	9091.923158524	9092.891976777	399.366	7036.450
1266	Spectrogram 1	1	9097.401992785	9098.621367483	456.418	6313.788
1267	Spectrogram 1	1	9105.703762992	9107.524473158	969.889	6199.683
1268	Spectrogram 1	1	9113.103529997	9113.704865465	532.488	2015.848
1269	Spectrogram 1	1	9116.043392284	9117.179248167	475.436	6503.962
1270	Spectrogram 1	1	9129.780604468	9131.517795819	1141.046	5648.177
1271	Spectrogram 1	1	9133.054542015	9134.374139291	1559.429	5343.899
1272	Spectrogram 1	1	9141.222682118	9142.558983157	475.436	7036.450
1273	Spectrogram 1	1	9152.170365883	9153.473259396	570.523	5591.125
1274	Spectrogram 1	1	9155.143635695	9156.697085653	1274.168	6770.206
1275	Spectrogram 1	1	9165.783932721	9166.936492367	2662.441	5515.055
1276	Spectrogram 1	1	9167.587939124	9168.189274592	494.453	6484.945
1277	Spectrogram 1	1	9170.360763781	9171.012210537	1445.325	8595.880
1278	Spectrogram 1	1	9171.887525218	9173.440975176	418.384	8386.688
1279	Spectrogram 1	1	9180.055665321	9180.924260997	513.471	6503.962
1280	Spectrogram 1	1	9182.260562036	9183.413121682	570.523	6104.596
1281	Spectrogram 1	1	9185.517795819	9186.620244177	323.296	5438.986
1282	Spectrogram 1	1	9186.870800622	9188.006656505	646.593	7112.520
1283	Spectrogram 1	1	9194.220456338	9194.821791806	3499.208	4887.480
1284	Spectrogram 1	1	9199.973269813	9202.445426735	361.331	6561.014
1285	Spectrogram 1	1	9208.007779812	9209.360784614	4335.975	5857.369
1286	Spectrogram 1	1	9210.847419520	9211.331828647	418.384	2244.057
1287	Spectrogram 1	1	9218.631373074	9219.900859062	4526.149	5419.968
1288	Spectrogram 1	1	9218.765003178	9219.366338646	475.436	4145.800
1289	Spectrogram 1	1	9245.932040808	9246.800636484	513.471	5724.247
1290	Spectrogram 1	1	9254.023381102	9256.044536424	418.384	6199.683
1291	Spectrogram 1	1	9278.885299439	9280.488860686	589.540	5343.899
1292	Spectrogram 1	1	9283.228277816	9283.996650914	1616.482	6751.189
1293	Spectrogram 1	1	9288.423148107	9289.792856672	1007.924	5686.212
1294	Spectrogram 1	1	9290.845193741	9291.479936734	513.471	2472.266
1295	Spectrogram 1	1	9312.299544427	9313.569030415	4697.306	5648.177
1296	Spectrogram 1	1	9319.315124884	9320.016682930	798.732	5895.404
1297	Spectrogram 1	1	9344.878601267	9345.930938335	1787.639	5496.038
1298	Spectrogram 1	1	9356.955421910	9358.558983157	4678.288	5419.968
1299	Spectrogram 1	1	9363.342978378	9364.378611683	5191.759	5781.300
1300	Spectrogram 1	1	9365.731616486	9366.249433138	931.854	2053.883
1301	Spectrogram 1	1	9465.974351452	9466.575686920	3366.086	6979.398
1302	Spectrogram 1	1	9537.052316235	9537.603540414	4354.992	4754.358
1303	Spectrogram 1	1	9569.581261785	9570.282819831	456.418	2491.284
1304	Spectrogram 1	1	9572.103529997	9572.805088043	3366.086	5648.177
1305	Spectrogram 1	1	9586.141409916	9586.609115279	4488.114	4830.428
1306	Spectrogram 1	1	9592.254987171	9594.025586048	5153.724	5629.160
1307	Spectrogram 1	1	9607.562353076	9608.447652515	4335.975	5153.724
1308	Spectrogram 1	1	9610.886401912	9612.306221766	912.837	5762.282
1309	Spectrogram 1	1	9633.025606881	9633.610238586	494.453	2282.092
1310	Spectrogram 1	1	9837.309550019	9837.793959145	4507.132	5001.585
1311	Spectrogram 1	1	9843.155867066	9844.391945527	456.418	6446.910
1312	Spectrogram 1	1	9849.175940748	9850.128055238	475.436	6846.276
1313	Spectrogram 1	1	9856.642522805	9857.544526007	456.418	6389.857
1314	Spectrogram 1	1	9863.457658106	9864.509995174	494.453	7112.520
1315	Spectrogram 1	1	9872.360763781	9874.548956733	494.453	6427.892
1316	Spectrogram 1	1	9877.896428336	9878.698208960	1445.325	7112.520
1317	Spectrogram 1	1	9891.426476360	9893.982152097	551.506	5781.300
1318	Spectrogram 1	1	9914.350758189	9916.054542015	4659.271	6846.276
1319	Spectrogram 1	1	9914.851871079	9915.603540414	513.471	3080.824
1320	Spectrogram 1	1	9926.494393885	9928.465437918	4374.010	5515.055
1321	Spectrogram 1	1	9939.012231371	9940.699311433	475.436	5477.021
1322	Spectrogram 1	1	9946.779481162	9947.531150496	4335.975	4868.463
1323	Spectrogram 1	1	9967.799534011	9968.835167316	380.349	2301.109
1324	Spectrogram 1	1	9969.319576443	9970.455432326	1122.029	2586.371
1325	Spectrogram 1	1	9972.509995174	9973.963222555	722.662	6484.945
1326	Spectrogram 1	1	9983.424271413	9984.927610083	741.680	5515.055
1327	Spectrogram 1	1	9997.956545216	9998.691510788	456.418	2034.865
1328	Spectrogram 1	1	10014.282840664	10015.452104074	399.366	2187.005
1329	Spectrogram 1	1	10056.182597253	10057.218230559	399.366	5933.439
1330	Spectrogram 1	1	10071.089072847	10072.358558834	418.384	6427.892
1331	Spectrogram 1	1	10074.930938335	10076.200424323	4963.550	5990.491
1332	Spectrogram 1	1	10086.155867066	10087.308426712	456.418	6427.892
1333	Spectrogram 1	1	10095.717138502	10097.153662120	532.488	5762.282
1334	Spectrogram 1	1	10104.135835050	10106.457658106	4183.835	6180.666
1335	Spectrogram 1	1	10148.380837463	10148.932061642	665.610	1160.063
1336	Spectrogram 1	1	10169.344060018	10170.162544404	893.819	1616.482
1337	Spectrogram 1	1	10181.193746984	10181.744971163	4354.992	5039.620
1338	Spectrogram 1	1	10184.183720560	10185.085723761	4393.027	4906.498
1339	Spectrogram 1	1	10184.734944738	10185.386391495	684.628	1825.674
1340	Spectrogram 1	1	10205.704886298	10206.439851870	931.854	5914.422
1341	Spectrogram 1	1	10249.007758978	10249.826243365	912.837	3118.859
1342	Spectrogram 1	1	10251.346285797	10252.047843843	931.854	2624.406
1343	Spectrogram 1	1	10253.073492390	10253.758346673	475.436	6446.910
1344	Spectrogram 1	1	10257.533397109	10258.535622889	912.837	5115.689
1345	Spectrogram 1	1	10284.366359479	10284.934287421	969.889	1521.395
1346	Spectrogram 1	1	10286.671478772	10287.924260997	779.715	6351.823
1347	Spectrogram 1	1	10289.177043221	10289.678156111	703.645	6085.578
1348	Spectrogram 1	1	10292.584610871	10293.302872680	589.540	5857.369
1349	Spectrogram 1	1	10300.452083241	10301.537827835	4545.166	5838.352
1350	Spectrogram 1	1	10315.291743782	10316.711563637	570.523	6389.857
1351	Spectrogram 1	1	10345.148087254	10346.083497982	1026.941	4849.445
1352	Spectrogram 1	1	10361.056788628	10362.844091268	4773.376	5705.230
1353	Spectrogram 1	1	10379.481039207	10380.466561224	760.697	5515.055
1354	Spectrogram 1	1	10384.124685319	10385.193726151	532.488	6580.032
1355	Spectrogram 1	1	10393.602437941	10394.554552431	494.453	5743.265
1356	Spectrogram 1	1	10427.818463553	10428.753874281	456.418	5191.759
1357	Spectrogram 1	1	10430.591288210	10431.743847856	6085.578	6865.293
1358	Spectrogram 1	1	10444.996650914	10446.967694947	4354.992	5800.317
1359	Spectrogram 1	1	10450.158113679	10451.861897504	4678.288	5419.968
1360	Spectrogram 1	1	10465.408649290	10465.876354654	3594.295	5096.672
1361	Spectrogram 1	1	10471.194870290	10471.879724573	5800.317	6028.526
1362	Spectrogram 1	1	10483.589062430	10485.543402700	817.750	3917.591
1363	Spectrogram 1	1	10501.385289022	10503.707112078	475.436	5876.387
1364	Spectrogram 1	1	10523.223826257	10523.775050436	532.488	2510.301
1365	Spectrogram 1	1	10610.704886298	10611.389740581	494.453	4963.550
1366	Spectrogram 1	1	10628.811765381	10629.463212138	589.540	2700.475
1367	Spectrogram 1	1	10967.417573241	10968.837393096	4811.410	5705.230
1368	Spectrogram 1	1	10968.202650102	10969.004430726	931.854	2928.685
1369	Spectrogram 1	1	10976.237160101	10977.105755777	1749.604	6503.962
1370	Spectrogram 1	1	11028.249412305	11029.569009581	703.645	5743.265
1371	Spectrogram 1	1	11032.809539602	11033.511097648	3404.120	7245.642
1372	Spectrogram 1	1	11040.399767005	11041.184843866	475.436	4944.532
1373	Spectrogram 1	1	11042.671478772	11043.189295425	418.384	4830.428
1374	Spectrogram 1	1	11054.096852659	11054.815114467	4602.219	5001.585
1375	Spectrogram 1	1	11060.611320226	11061.747176109	570.523	5610.143
1376	Spectrogram 1	1	11073.713789416	11074.448754988	475.436	4982.567
1377	Spectrogram 1	1	11076.720466755	11077.488839852	1540.412	5534.073
1378	Spectrogram 1	1	11116.121377900	11116.639194553	4202.853	4621.236
1379	Spectrogram 1	1	11123.855220165	11125.909783013	513.471	6446.910
1380	Spectrogram 1	1	11132.357435528	11132.841844655	855.784	4697.306
1381	Spectrogram 1	1	11165.303975153	11166.105755777	437.401	2396.197
1382	Spectrogram 1	1	11167.642501972	11168.177022388	608.558	2110.935
1383	Spectrogram 1	1	11169.804006403	11170.538971975	4450.079	5039.620
1384	Spectrogram 1	1	11363.464356278	11364.616915924	627.575	5667.195
1385	Spectrogram 1	1	11428.321802223	11429.156990372	3879.556	5553.090
1386	Spectrogram 1	1	11431.228256983	11432.080148896	5134.707	5762.282
1387	Spectrogram 1	1	11435.287271390	11435.988829436	3290.016	4164.818
1388	Spectrogram 1	1	11478.713789416	11479.732718959	3442.155	5496.038
1389	Spectrogram 1	1	11507.267239375	11508.653651703	4354.992	5248.811
1390	Spectrogram 1	1	11569.852973552	11571.773906296	4412.044	5857.369
1391	Spectrogram 1	1	11653.592390683	11654.577912700	5305.864	6009.509
1392	Spectrogram 1	1	11684.324048835	11685.543423534	399.366	5686.212
1393	Spectrogram 1	1	11714.898654116	11715.850768606	1654.517	2377.179
1394	Spectrogram 1	1	12037.261685342	12038.347429937	456.418	2548.336
1395	Spectrogram 1	1	12206.544526007	12207.296195341	437.401	5591.125
1396	Spectrogram 1	1	12284.053439542	12284.788405113	532.488	5191.759
1397	Spectrogram 1	1	12294.359661308	12294.894181723	532.488	5686.212
1398	Spectrogram 1	1	12297.282819831	12298.401971952	1160.063	5515.055
1399	Spectrogram 1	1	12307.428722972	12308.063465966	418.384	5153.724
1400	Spectrogram 1	1	12318.185946339	12319.221579645	1103.011	5400.951
1401	Spectrogram 1	1	12336.433174531	12337.168140103	551.506	5343.899
1402	Spectrogram 1	1	12353.187048812	12353.721569228	1692.552	3746.434
1403	Spectrogram 1	1	12362.765024012	12363.349655716	5134.707	5400.951
1404	Spectrogram 1	1	12365.287292223	12365.871923928	475.436	5324.881
1405	Spectrogram 1	1	12386.624716569	12387.743868690	1407.290	2928.685
1406	Spectrogram 1	1	12389.932061642	12390.950991184	893.819	5477.021
1407	Spectrogram 1	1	12392.788405113	12393.807334656	551.506	2890.650
1408	Spectrogram 1	1	12397.699311433	12398.567907108	532.488	2966.719
1409	Spectrogram 1	1	12403.328479561	12404.130260185	494.453	2434.231
