Selection	View	Channel	Begin Time (s)	End Time (s)	Low Freq (Hz)	High Freq (Hz)
1	Spectrogram 1	1	5.157926440	6.418101650	253.0	467.0
2	Spectrogram 1	1	20.514480159	22.507315374	311.3	535.1
3	Spectrogram 1	1	32.260346420	33.667053630	797.8	1002.1
4	Spectrogram 1	1	149.167532490	150.515626900	437.8	632.4
5	Spectrogram 1	1	169.259925835	171.487212252	369.7	593.5
6	Spectrogram 1	1	244.098491837	246.882599858	204.3	467.0
7	Spectrogram 1	1	249.139192676	250.633819087	204.3	379.4
8	Spectrogram 1	1	275.901120272	277.542278684	661.6	875.6
9	Spectrogram 1	1	286.070441150	287.623680362	194.6	340.5
