Selection	View	Channel	Begin Time (s)	End Time (s)	Low Freq (Hz)	High Freq (Hz)
1	Spectrogram 1	1	37.830881473	40.644303221	243.2	535.1
2	Spectrogram 1	1	43.193966680	45.333339468	204.3	544.8
3	Spectrogram 1	1	46.652130913	47.853696451	700.5	914.5
4	Spectrogram 1	1	69.229089928	70.958172044	253.0	515.6
5	Spectrogram 1	1	88.659283878	90.798656665	175.1	447.5
6	Spectrogram 1	1	105.384654740	106.498300849	612.9	865.9
7	Spectrogram 1	1	325.749634458	328.211378488	272.4	583.8
8	Spectrogram 1	1	332.021220439	333.691689602	223.8	408.6
9	Spectrogram 1	1	354.424024177	355.625589715	233.5	457.3
