Selection	View	Channel	Begin Time (s)	End Time (s)	Low Freq (Hz)	High Freq (Hz)
1	Spectrogram 1	1	0.269396508	0.828912332	58.4	535.1
2	Spectrogram 1	1	10.755137507	11.687663880	68.1	418.4
3	Spectrogram 1	1	88.313940069	89.544812084	0.0	350.3
4	Spectrogram 1	1	214.452033363	215.067469371	38.9	360.0
5	Spectrogram 1	1	231.604124221	232.512624994	77.8	389.2
6	Spectrogram 1	1	243.092263027	244.147296183	68.1	340.5
7	Spectrogram 1	1	258.998736129	260.053769285	77.8	389.2
8	Spectrogram 1	1	273.007231918	273.974345644	48.6	321.1
9	Spectrogram 1	1	355.568684672	356.799556687	48.6	398.9
