Selection	View	Channel	Begin Time (s)	End Time (s)	Low Freq (Hz)	High Freq (Hz)
1	Spectrogram 1	1	73.106205965	74.396818101	19.5	311.3
2	Spectrogram 1	1	100.781180195	102.963487989	107.0	340.5
3	Spectrogram 1	1	119.624473538	121.478261879	116.8	340.5
4	Spectrogram 1	1	122.792339690	123.613638322	126.5	311.3
5	Spectrogram 1	1	132.150472313	133.746138226	48.6	243.2
6	Spectrogram 1	1	139.812428511	140.844918220	1498.3	1829.1
7	Spectrogram 1	1	143.308814116	144.435166526	895.1	1099.4
8	Spectrogram 1	1	145.843107038	146.899062422	758.9	1829.1
9	Spectrogram 1	1	147.133719174	147.790758079	107.0	369.7
