Selection	View	Channel	Begin Time (s)	End Time (s)	Low Freq (Hz)	High Freq (Hz)
1	Spectrogram 1	1	5.040712735	5.884739054	97.3	291.9
2	Spectrogram 1	1	66.495547547	67.058231760	145.9	389.2
3	Spectrogram 1	1	67.433354568	68.207045360	126.5	389.2
4	Spectrogram 1	1	68.441497115	68.910400625	126.5	1303.7
5	Spectrogram 1	1	69.355858960	69.730981768	116.8	1294.0
6	Spectrogram 1	1	70.106104576	70.668788789	68.1	1255.1
7	Spectrogram 1	1	71.208027825	71.911383091	97.3	1303.7
8	Spectrogram 1	1	75.170262487	76.037733981	87.6	282.1
9	Spectrogram 1	1	90.755111232	91.974260358	476.7	661.6
