Selection	View	Channel	Begin Time (s)	End Time (s)	Low Freq (Hz)	High Freq (Hz)
1	Spectrogram 1	1	81.453120552	82.896275236	136.2	447.5
2	Spectrogram 1	1	96.623844182	97.996601076	126.5	311.3
3	Spectrogram 1	1	111.142572324	112.374533639	194.6	389.2
4	Spectrogram 1	1	114.064080587	115.155246323	77.8	272.4
5	Spectrogram 1	1	152.473636686	153.987189159	165.4	369.7
6	Spectrogram 1	1	163.910171486	165.071735012	68.1	253.0
7	Spectrogram 1	1	167.958044380	169.260403485	126.5	291.9
8	Spectrogram 1	1	172.041116169	173.061884116	107.0	350.3
9	Spectrogram 1	1	174.786629958	176.053790168	58.4	243.2
