Selection	View	Channel	Begin Time (s)	End Time (s)	Low Freq (Hz)	High Freq (Hz)
1	Spectrogram 1	1	1.119031527	2.014256748	77.8	243.2
2	Spectrogram 1	1	12.508285732	13.627317258	204.3	467.0
3	Spectrogram 1	1	90.773230357	92.016598720	155.7	369.7
4	Spectrogram 1	1	115.561915241	116.581477299	58.4	253.0
5	Spectrogram 1	1	117.476702520	118.545999312	77.8	282.1
6	Spectrogram 1	1	119.316887697	120.336449755	77.8	272.4
7	Spectrogram 1	1	120.933266569	122.002563361	48.6	282.1
8	Spectrogram 1	1	122.549645441	123.420003295	48.6	204.3
9	Spectrogram 1	1	125.906740021	127.771792566	243.2	467.0
